0.15308006
2.0920637
0.07982577
4.4424253
6.5942926
4.8369675
0.78889287
0.0
0.0
0.92199004
0.0
5.6230893
0.0007522836
0.14613564
0.5183394
0.3372139
0.51875687
2.717179
0.0
2.8350005
1.6497059
0.4097424
0.07602278
0.0
0.37492114
7.181645
0.0
2.5773146
6.013426
3.8482156
0.15072945
0.0
0.5749154
2.8110332
1.6947948
0.2381965
0.0
6.771258
0.030292124
0.0
0.70137566
0.0
0.0
2.4629023
0.0
0.0
0.0
0.0
0.0
3.139716
0.042403918
0.0
6.268436
0.0025309494
0.05343531
0.53016984
0.07854166
7.029403
0.0
0.25096563
0.039777935
8.005581
0.0
0.4338557
1.4087043
0.0
0.21212728
0.12896673
0.0042582215
6.4254656
0.0
3.4748118
0.40939698
0.0
0.0
0.0
0.34137926
3.618442
0.61914694
0.069887124
0.0
0.0
1.8116622
0.0
0.22922724
0.101019606
0.0
0.0
0.21606418
0.0
0.0
0.7203506
0.0
0.0
0.9854165
0.1662703
0.0
2.1213396
5.5124593
6.967878
2.8922513
0.0
0.0
0.001788407
0.036495704
1.9365296
0.9025583
0.13707165
1.5700065
0.0
2.645093
0.0
1.8922522
0.0
7.1392684
0.3875136
0.026708197
0.0
0.077360906
0.010856417
0.115019865
0.09893554
0.0
0.0
0.02506486
0.43420425
3.0673168
7.3426213
0.0
0.6480136
3.7498193
4.465663
3.039845
0.0
1.831832
3.1467102
9.403415
4.6041903
1.3919729
0.0
3.968746
0.0
1.1170225
0.0
0.0
0.089842424
0.0
0.19979787
0.0
0.20421374
3.01908
0.0
0.0
0.004856168
2.102442
0.0
6.1543922
0.20517313
0.0
0.0
0.060512405
0.0
0.0
0.032468855
0.14238477
0.13135333
0.0
0.0
0.19771928
0.0
0.0
0.0
0.0
0.0
0.004754018
0.0
0.66652954
2.4683313
5.074169
1.5393386
0.0
0.34526625
5.631884
0.0
1.8187963
0.0
0.0
2.2221375
0.0
0.1110739
0.0
0.0
1.0213752
0.0
0.016540995
0.0
1.6020545
0.0
0.0
0.52612305
0.0
0.92067635
0.0
0.4852633
0.007741544
0.0
0.0
0.45019886
0.024603406
8.766242
1.6029476
0.0
0.0
0.052689858
0.0
0.0
0.008184059
0.0
0.3203441
0.1195013
0.0
1.1128868
0.0
7.348981
0.066511065
0.0
1.8854216
3.52725
0.101893224
0.0
0.0
2.4981081
0.17358296
0.34767148
5.8473544
3.9592302
0.18234304
1.8216794
1.8092235
1.247237
0.0
0.0
0.35317698
0.5187439
0.9285322
1.9443614
0.051389202
0.48470998
0.0
0.0
0.059806205
0.010785628
0.025912577
3.0387702
0.4633994
0.013134226
2.0726392
0.64335424
0.5517088
0.21584173
2.0776691
4.3678946
0.19773678
0.0
0.0
0.020029372
0.29720652
2.3591158
0.30633458
0.0
3.0219047
0.014279735
6.1259527
0.6245826
0.0
0.0
1.3242736
0.86774224
0.004585035
0.0
0.0
3.8583496
0.0019321393
1.0893945
0.0
0.0
0.46508563
1.1365172
0.0
0.0782807
0.0
0.0
0.0
1.9059764
1.332723
0.0
0.0
1.1198488
0.5901203
2.7946439
1.9063212
0.09371538
0.09260521
3.3908224
1.1064202
0.57660925
10.210508
0.3368399
0.0
0.8250407
0.62161386
0.48459646
0.0
0.0
0.56649524
5.255652
0.021861587
1.1040541
0.0
0.18607084
6.9146705
0.0
0.15297486
0.20120518
0.33459955
2.1495292
0.0
0.0
0.00081243075
0.0
1.9684798
3.0991087
0.0
1.1893646
0.0
0.5271847
0.0
0.27110776
0.013593382
0.0075623845
1.4712124
3.3577776
0.0
0.0
0.0
0.0
1.601863
0.0
0.022322932
3.4728708
1.8486583
0.0
0.0
0.0
0.3232613
0.5282987
0.7430481
0.0
0.0
0.0
3.6402652
0.0
0.20574562
0.32950613
0.03750764
0.5706291
0.39860812
0.17522794
0.19515303
7.263001
0.0
0.10018893
0.39742762
0.01340417
0.17323352
2.4655252
0.0
0.034832984
0.0
0.10224498
0.0
0.46410093
3.441451
0.050927367
0.00078826776
3.1518476
0.28197905
0.35226822
0.0
0.29131994
0.13341658
0.020126952
1.4173701
0.34519044
0.019819956
1.613671
0.019326692
0.0
0.7111306
0.0
0.0
0.21610482
0.86395395
5.8985276
0.0
0.019241966
0.0
0.0
0.7860997
0.39085105
0.7320091
8.652748
4.916147
0.0
0.0
0.0008451233
0.0
3.6081653
0.08299859
0.0
0.0
0.3509561
0.3937262
0.015026993
0.0
1.0280712
0.0
0.72492015
4.095361
0.0
0.0
0.037340883
0.0
0.028371852
0.16700853
0.19218439
0.28716508
9.785568
0.04817728
2.6703653
0.0
0.09225668
0.0059467917
0.0
0.06815147
0.0
0.066383734
0.0
0.0
0.09948525
0.10043061
0.0
1.447532
0.0
0.99052966
0.0
4.8311467
1.720111
0.014873799
0.0
0.0
2.1872497
5.2804966
1.670993
0.0
1.9479127
0.49188846
0.007983159
3.5736408
0.1815213
0.0
5.1699133
0.9514239
0.760178
0.108680494
0.050091293
1.9121863
0.04337837
1.7590425
0.39213789
2.947408
0.0
0.0
0.0
0.0021663248
0.0
0.06669951
0.18744425
0.070868045
1.1298953
0.009424889
0.0
0.0
1.9192473
0.38772428
0.0
0.35719734
0.0
0.19034298
0.0
0.0
0.8198909
2.5803242
2.0175216
2.8223493
0.0
0.27260512
5.9723005
0.93762064
0.18077481
0.0
2.9724073
0.0
0.0
0.0
1.617224
0.5035049
0.0
1.5772612
0.20742325
0.63351816
0.0
0.0
0.0
2.7807882
1.3473917
0.0
0.0
0.8991907
1.3794274
8.022898
3.3744326
3.312607
1.2406485
3.2721272
3.1334515
0.08295158
0.0
0.0
0.10054038
0.0
0.39934948
2.0183728
0.00398559
5.4111404
0.0
0.001441581
0.45466936
1.7610459
0.0
0.2778669
0.34992146
0.0
0.0
0.011904422
0.26724613
0.10712435
3.5680838
0.5159881
1.8129696
2.0717697
0.0
0.00075890095
0.0
0.03667526
1.3551435
0.0
0.0
2.2576773
0.0
0.0
0.0
0.0
0.86236656
0.0
0.87670314
0.0
4.534073
0.3810802
1.0667073
0.0
1.2325048
2.7214801
0.021178426
1.5480438
3.3709059
0.0
9.696902
0.0
0.6301448
0.25828484
0.26190192
0.60488534
0.0
0.0
0.37820068
0.62956196
0.0
0.007236904
0.008923706
0.0
1.3633833
0.0
0.008014112
0.0
0.0
1.4293977
0.0
0.12561908
0.0
0.13543563
0.0
0.01411682
0.0
0.0
0.0
0.0
2.9807503
1.7634883
0.17679971
0.0
0.0
0.0
0.11761517
0.0
0.0
0.06098064
0.38825098
0.0
0.5627236
4.135092
0.0037966918
3.9956443
0.0014606252
0.0
0.2717594
0.22117895
0.0
0.07778037
0.027792804
3.5802264
0.0
0.0
2.6362762
5.647449
0.038912132
0.0
0.003896093
9.671123
0.0
0.0
0.0
0.10690524
6.4091873
0.0
0.0
0.075058445
0.7333128
0.28526026
0.19890195
0.0
2.5302122
0.8812398
0.62932366
0.54391766
0.0069000674
0.0
0.0
0.0
0.8183866
0.019895457
0.0
3.3232841
0.0
3.5460553
0.0
1.0192049
0.0
0.0
0.027908778
0.0
0.0
0.0053064167
0.87770003
1.357314
0.92528534
0.75366265
0.0
0.120966285
4.612322
0.0
0.5703367
2.468997
1.5325242
2.0627515
0.29683137
0.0
0.02431492
0.0
0.013281068
0.0
0.16114514
0.0
0.0
0.0
0.0
0.0
0.0030226244
8.337888
0.0
0.049564682
6.2871466
2.9961174
0.37232935
0.0
0.0
6.3320174
0.0
0.0
1.856225
4.4265537
0.6938069
0.10741767
7.252216
0.0
5.9983068
7.2552853
0.0
0.03646277
10.925838
2.137288
0.0
1.159511
0.11324447
1.7974186
0.0016154221
0.0
4.419857
3.5984607
0.0
0.016100485
0.0
1.8942693
0.0
0.0
1.8591272
0.0
1.8665859
0.3030722
1.245771
0.0
4.2666125
0.0
0.0
3.3015563
1.9710814
0.07650723
0.0
0.0
0.70226777
0.0
3.009552
0.0
0.0
0.10625862
0.0
1.4520657
0.0
0.051656373
1.5372018
0.12818496
11.60295
0.09877294
9.573915
0.116510764
3.3297076
0.0
1.3952523
0.67463905
0.3772002
1.092884
0.112120986
0.002879583
1.6118585
3.0527189
0.0
4.4854956
1.5245372
0.13494141
0.0
0.0
3.0065951
1.2774111
5.4813905
0.21710108
0.0
0.0
0.13902259
0.09432535
0.04866215
0.010390924
0.0
1.4164636
1.545468
0.0
0.0
0.0
1.2857217
0.0
0.6696961
0.0
0.32011703
0.023129556
0.0
0.40959966
0.8543685
0.3350797
0.0
0.0
0.11637214
0.017025476
0.133576
0.0
6.6847296
0.016453605
0.23359151
0.050237767
0.0
0.0
3.77866
0.028326344
0.0
4.004919
0.0
0.0
3.4296339
0.0
1.850141
0.0
0.0
0.0
0.0
0.5044007
0.46718156
1.8831356
0.0
0.0
1.4424796
0.22054175
0.0
0.11708608
1.7786138
0.0
0.18642741
9.19983
8.62248
1.1694549
0.9442559
0.10562966
1.8297744
2.9894276
2.2505374
0.0
0.25862008
0.0
0.116441086
0.011520677
0.0
0.5760284
0.0
0.00028530433
3.6534076
3.922825
0.0
0.0
0.0
0.0
0.0
0.0
3.805948
3.8621233
0.0
0.0
6.6485806
0.0
0.0
1.3394318
0.3191844
1.2916946
0.61273265
0.0
0.015461755
1.8871347
0.77175283
0.03591782
2.2379026
0.0
0.0
0.5541904
0.0
0.6990481
0.0
0.0
0.0
3.1896
0.18174407
0.97365034
0.13108133
5.3662634
0.0
0.0
0.542944
2.955838
0.0
0.0
3.8741157
0.32780635
5.8893437
0.07995769
0.0
3.1519463
0.0
0.0
0.8317433
0.0
0.0
0.0
0.26249474
0.0
1.2555937
0.0
0.042896956
1.7637295
2.3477225
0.0
0.8296764
0.6171615
0.0
0.0
0.0
0.9812522
0.0
0.0
0.0
0.0
0.52494895
0.532853
0.0
0.0
3.6826062
0.086009115
6.373451
0.41329306
1.4909983
0.0
5.6738
0.0
4.4911404
1.6308253
0.67605007
0.0
0.0
0.0
0.32096058
0.0
0.025326872
3.9810464
3.9756486
0.009438053
3.2312229
3.1398396
1.0246894
0.0
0.0
6.0621076
0.15134723
0.0
0.9902997
3.9373486
6.122736
4.8011713
0.35052273
2.862492
5.073641
0.6726068
0.0
9.4077215
0.0
0.0
3.5991652
0.05610485
6.4253707
6.6358786
0.0
0.68083674
0.081565306
0.25146455
3.1082156
0.005475054
0.0
3.9396129
0.0
0.10808094
0.0
0.0
0.92949677
0.0
6.290912
0.0
0.43257362
8.52918
0.0
0.50711656
0.029607767
0.0054012584
0.8734543
0.0
2.8330843
0.833805
0.0
5.2816787
0.4619208
4.0160623
7.0026226
0.03496835
0.036390595
0.04905508
3.9288766
0.0
0.017288487
1.1203327
0.0
8.890523
4.859402
0.16748498
0.0
0.0
2.217443
4.688568
0.0
0.0
0.111995116
7.6357465
2.0771625
2.149334
0.0
0.0
0.0
2.7947772
3.7848616
1.021443
0.0
1.6866329
0.08086734
0.0
0.0
1.681374
0.0
0.0
1.0616598
0.0
0.0
0.0
0.0
4.0494285
0.8038374
0.011882259
0.101934254
1.5706757
3.1180117
6.9629908
1.8347408
0.007124531
0.0
0.10318374
9.413235
0.017300405
6.632469
0.0
0.0
0.04823143
0.07134228
0.104479305
0.0
2.9029799
0.0
0.16377302
6.427385
2.673033
0.0
0.07473263
0.0
0.0
2.0322309
0.42691588
0.3512436
0.0
0.0
2.871129
0.0
0.0
0.22663589
0.12072616
0.07326495
0.6781006
0.0
0.0
0.37859866
0.12317895
0.16769773
0.4414675
0.0
0.0011540797
0.0
0.0
0.2525429
0.18313777
0.0
0.38221726
0.31049708
0.30855623
0.83435166
0.0
2.26769
2.742944
0.0
4.9082394
0.43218997
0.0
0.0
0.0
5.868109
0.0
0.0
0.008944098
0.07518962
1.6585681
2.347174
0.45928028
0.0
0.02821257
3.597179
0.0
0.8903879
3.1269593
0.0
4.3476906
0.002597512
1.283826
0.0
1.7214072
0.0
0.0
0.0
1.9304781
2.5052044
0.0
0.028687494
0.008785613
0.17637639
0.012648145
0.0
0.0
0.0
7.1199603
0.0
4.867344
2.442238
0.63259995
0.0
0.8025128
0.05777132
0.71923375
0.8969591
0.7729001
4.986875
5.9457664
0.2359192
0.0014257504
0.0
2.2182095
0.0
0.0
0.0
0.0
0.022487082
0.0
0.44805473
0.0
0.0
4.883626
8.452652
0.0
0.0
5.699608
0.0
0.0
0.0
0.032080926
0.13505018
0.0
0.0
0.31476778
4.847203
0.17561106
3.8829644
3.3481383
0.0
0.9423216
1.0453398
1.7775038
0.0
3.3641567
0.0
0.64093095
0.38180858
3.29756
0.0
0.11092279
0.0142858615
0.0014532537
0.0
0.0
0.0
3.0536487
1.530387
0.0
5.0295157
0.016425114
0.0
0.5057944
0.0
0.0
0.75158894
0.03044045
0.47655183
0.0
0.0
0.024034733
0.0
0.0
0.0
0.047914933
3.0718906
0.923698
0.0
0.0
0.0
0.77736026
0.0
1.1966078
0.0
0.070493884
0.0
0.0031440891
0.0
0.5774591
0.0
0.25490594
0.0082091
1.4857055
0.007386828
0.5897898
0.0
0.38663024
0.0
0.0
0.85198843
0.0
0.0
0.5399739
0.12560594
0.0
0.520778
2.9316714
0.9350866
3.1507356
0.0
0.04618453
0.0
0.12061298
0.3715106
0.0
0.0
0.0
0.01307819
2.5991564
0.6496092
1.158354
0.0
0.011630043
7.530038
0.0
0.0
0.0
0.0
0.0
0.41681904
5.005112
0.0
1.1508224
2.2779067
0.0
0.0
0.0
2.7519827
0.0
0.9914905
0.0
0.0
0.27662453
0.0
0.011294131
0.6082674
1.6322311
0.4748085
0.0
0.0
4.158325
0.0
0.7327433
4.619419
0.0
0.0
0.03921024
3.7307413
0.0
5.1434016
0.0
0.5970378
2.5551927
0.11784047
0.17105258
0.0
0.0
0.009714535
1.1182115
0.0
0.008776106
4.252587
0.06416849
0.0
0.0
0.0
0.004792481
0.28192556
0.0
0.0
3.1041226
7.5099325
3.8455262
0.0
0.0
0.014621851
0.21711642
1.9397613
0.13908833
1.799389
0.023859842
0.15141225
0.5661697
5.55943
0.0
0.0
3.4670422
1.2896674
5.853689
0.075740606
9.685922
0.5314195
4.157885
6.8329124
0.0
0.0
4.719636
0.0
0.0
0.007298163
0.0074487804
0.0
0.0
0.9906235
0.06524983
1.3683298
1.7701695
0.0024814897
0.036546797
0.0
0.05831554
6.7190285
0.22035897
2.6518645
2.0579846
0.21415628
1.558406
0.0
0.24950452
0.0
0.6460583
2.4966066
0.9499094
0.0062821712
0.040988114
0.0
0.0
0.0
0.0
0.2348086
1.009691
0.0
0.00068001356
0.7069303
0.0
0.0
0.0
0.0
0.0
0.004945468
4.704277
1.075833
4.926212
0.9826002
0.16838123
0.09984826
0.0
0.0
0.033423625
2.6218555
0.32601133
0.0
0.1891979
1.7573197
4.167091
0.0
0.6700084
3.390636
3.179586
0.06440599
0.82392347
0.0
0.0
0.7012546
0.52802706
0.0
0.0
3.8337302
0.0
0.111441456
0.0
0.08389193
0.59837574
7.3682656
7.5981817
0.13600028
0.07941207
0.0
0.0030701258
2.9829702
3.2661095
0.1310077
2.7684543
0.0
0.0
0.0
0.0
0.24171805
0.0
0.0
1.4445115
11.539446
0.0
0.10889824
0.0
9.226798
0.0042065843
16.05767
1.1409997
0.057363734
0.9503808
0.0
0.53548115
0.0
0.0
0.0
0.062326975
0.51178056
0.825192
0.054162513
3.8627908
0.0
0.0025980715
2.230141
0.0
0.0
1.0121093
0.03202175
0.004457953
1.7337068
0.45850706
0.0
0.82204163
0.12936209
0.0
4.209728
0.0
0.0
0.0
0.0
0.0
0.0
0.0
0.0
0.874744
0.0
0.5810583
0.0
0.0
0.0
0.0
0.0
0.0
0.07962234
0.0
0.8125334
0.70687723
0.03571122
0.22963142
0.0087790005
0.51545393
0.0
0.047918357
4.970928
0.0
0.0
0.0012623777
8.153551
0.0
0.0
0.0
1.4998552
0.02426718
0.034160763
0.0
1.0829728
0.7793472
0.6524554
0.09369171
0.0
0.62282443
0.9283035
0.0
0.0
1.7494795
0.6038073
0.0
0.0
1.9711236
0.0
3.7844348
0.0
3.8666503
0.0
1.7146486
0.0
0.0
2.923547e-05
0.0
3.3508222
3.870761
0.0
0.0
0.030343119
0.0
0.03759662
0.6891877
0.56114066
0.0
3.5145378
5.5307155
0.5114706
0.0
1.076972
0.0
0.0
0.0
0.14801085
2.5904338
0.0
0.0
0.00071268907
6.5723453
0.033491466
0.0
0.47897083
0.0
0.0
0.17208703
2.0480711
0.09433636
0.44790825
0.0
0.035152312
7.5177984
0.5499029
1.7596558
0.84619933
0.32385993
0.0
0.0
4.0652013
1.2534575
4.1344104
0.0
0.0
0.0
1.5194737
0.0
9.256412
0.5367215
0.0
4.937653
7.8657007
5.2075033
0.0
3.7241151
2.4492898
0.087164946
0.0
0.017993364
0.0
3.3169136
0.0
0.625165
0.0
0.0
0.0
7.9821677
0.0
0.0
0.8375364
3.1613758
0.0
0.0
0.0
0.0
0.014568825
0.19478813
5.3130426
10.433474
0.0
0.5965852
0.0
0.20688574
0.005597105
0.04305587
3.7569659
1.0121583
0.0
8.108594
1.532021
0.43493018
0.0
0.04236889
3.5972126
0.39939445
1.8097011
5.0986934
0.30689582
0.0
0.0
0.6858869
1.0535101
0.0
0.038458016
0.22339198
0.41292703
2.045993
4.5387707
0.33151814
1.0875245
0.0
0.0
0.0
0.0
5.934912
0.009128904
1.8143733
0.20023462
2.8930366
1.2304337
2.5431948
0.53087926
0.1072806
0.0
0.0
0.16739163
0.0
2.014535
0.0
0.04241444
0.00607872
0.12367377
0.0
2.8072827
3.1987078
0.100078605
0.0
0.0
1.5436779
0.0
0.06426757
0.23003641
1.5049342
11.184313
0.45648587
0.0
0.0
6.235106
0.15086438
2.3198545
0.05663797
0.19908026
1.415572
0.53870344
1.1866976
1.9911411
1.112025
0.04051797
0.08739123
0.038855515
0.0
0.009683064
0.0
0.0
0.10660387
0.0
0.44788906
0.0
0.71463096
0.0
0.042225175
0.0
0.0
2.216043
0.0
0.62567616
0.009583307
0.11052554
0.031360816
0.0
2.1790411
0.9863286
0.006699258
2.3961291
4.7928786
0.97821075
1.1839783
0.028653845
4.3443437
0.027393125
0.0
0.0
0.0023738998
0.0
0.0
0.24352549
0.0
2.4285333
2.1391315
0.008806394
0.0
0.25990656
1.2982129
4.2469306
8.607487
1.0876058
0.0
0.0196351
0.13981658
3.1245515
1.829798
2.6797147
0.03931761
0.0337728
0.0
0.0
2.6150918
0.60266656
0.0
0.0
0.0
6.7903585
0.04156284
0.0
0.0
0.013191505
0.0
0.0
0.0
0.7901189
0.0
0.0
1.0402879
2.3447196
0.0
1.290856
0.0
5.099618
1.4602102
1.7738012
0.020985762
1.5292084
0.65242976
0.04215766
0.0
3.2301235
0.0
0.14475977
0.0
0.0
0.0
0.45193166
1.2117667
0.009063668
0.33149353
0.22884484
0.6247182
5.6120887
0.3335526
0.0
1.4664817
6.589541
0.0
5.721828
0.0
0.21752591
0.0
0.09759217
0.0
0.017971287
0.0
1.284264
0.5999769
0.013928102
0.0
0.015674267
13.312967
4.3229856
0.7646018
0.0
0.0
0.0
0.0
0.0
0.0
0.0
0.94717354
0.03872506
0.0
0.0
0.110022955
1.7532818
0.3344802
7.368331
0.0
0.0
0.0
0.14332297
0.0
0.0
0.0
0.0
1.9456412
4.761265
0.08975792
0.0
0.28999987
0.0
1.0379605
0.0
0.0
1.8427764
0.0
1.3887274
0.37877336
3.0935385
0.0
6.533476
3.9210124
1.1869651
0.0
0.0
5.8442793
4.521056
0.0
0.0
0.0
0.05963421
0.1608483
0.92368937
3.0991015
0.0
0.0
0.01720918
7.658102e-05
0.0
0.0
3.9979236
0.008689769
0.0
0.23023523
0.013482303
0.0
0.13176633
0.023418678
0.09108895
0.28608257
0.0
0.005213538
0.0
0.0
0.0
0.019398589
0.17990257
0.0
1.1427253
0.15626158
0.0
0.0
0.0
0.0
0.108554564
0.0
3.2254965
0.0
0.0
0.043612335
0.55797964
0.0
1.4375057
0.0
0.015315416
1.305443
0.0
0.6278473
2.3502886
0.0
0.80560327
0.0
0.0017506444
2.9945726
2.7744846
2.7820585
0.0028276176
0.0
0.0
0.0
1.2143294
0.0
0.61378384
0.18649243
0.005086962
0.0
1.9642076
0.9815791
0.0
0.45934692
3.3542747
0.0
0.010514335
0.0
0.23153402
0.0
0.0
7.1749043
4.6072288
0.0
1.0760074
0.0
0.0
0.09672112
2.098556
0.0
3.0061805
0.061311644
2.130191
0.0
2.5348046
0.0
0.33842477
1.1734225
0.0
0.0
0.6419356
0.0
0.0
0.20219645
0.8998793
0.2611371
0.0
0.23063259
0.0
0.31488597
0.0
0.0
3.4768026
1.5487508
0.24470837
1.8356541
0.0
0.0
0.01179982
0.0
0.0
2.270567
0.50795346
0.0
8.90445
0.0
0.0
0.0
0.6125474
1.5781585
2.8766232
0.22815125
0.16260964
4.299306
0.0
0.0
2.645222
0.47531778
0.0
0.0
2.9993575
0.1908112
0.0
0.0
0.0
0.0
0.07712074
0.0
6.5510287
0.0
0.0
0.03254501
0.0
0.40526932
0.0020902206
