2.8048017
0.0
0.55544126
0.0
0.0
0.0
0.0
0.2903199
0.0
0.084039345
1.7129786
0.029615698
0.0
0.8377133
0.0
0.22823568
0.44065085
0.025834108
2.6686351
0.04427981
0.0
2.0089746
0.04803891
0.06561228
0.46878597
0.0
0.8477439
4.7797284
0.00012835921
0.51450366
2.8525167
0.2712598
0.0
0.0
0.08396523
0.0
0.0
0.0
0.0
2.0675411
0.009304368
0.0
0.083936885
0.32067588
0.0
0.0
1.096104
0.44361702
0.50402224
0.01097486
0.6336501
0.93666935
0.0
0.0
0.22619832
3.0887897
0.30293053
0.0
2.7066672
0.07869863
0.0
0.0
0.0
1.7323582
4.8389397
4.7269077
0.042692866
0.0
0.032074496
0.026834184
0.0006691874
3.07617
0.14214605
0.0332853
0.0
0.11169255
1.5357295
0.065384015
1.9067155
10.859642
0.0
4.681629
0.010811684
0.0
1.1560693
0.0
12.055233
3.0250018
0.72032416
0.0
0.0
1.8442687
0.0
2.691003
0.0
13.822307
1.4736325
10.649097
0.22522555
0.005050197
0.72768116
0.0
2.785323
0.015615993
1.2621034
1.2657018
1.7260714
0.27434334
0.0
0.13638946
0.0
0.0
0.0
0.0
0.0
1.8661785
1.3493226
0.06639642
1.7958709
0.0
2.1788423
0.033398252
0.13230185
1.141071
0.0
0.0055543547
7.779101
0.0
0.36103144
0.0
3.1363568
0.0
0.0
0.0
1.1326156
0.22417063
0.113072515
11.137251
4.5057917
0.26758307
0.0
0.10897564
8.109221
5.1677284
0.64945745
1.9618007
0.0
0.4592793
1.0200447
1.0118601
0.0
5.6848674
0.0
4.720061
0.96306515
10.390119
0.24143106
0.0
0.08896662
2.537876
1.0474072
0.056628194
0.0
0.0
1.1982418
0.21749136
0.87949044
0.0
0.0
1.0621655
0.0
7.089127
0.0
4.4834266
8.131237
0.4294558
0.0
0.0
0.53855836
0.507396
0.0
0.0
6.47336
0.34639934
3.17628
1.8462301
1.2119938
0.0
1.2197953
0.0
0.0
0.0
0.06543991
0.0
0.0
1.5121566
0.0
6.8178215
0.0
1.8322022
0.037753038
0.0
0.0
0.0
1.4574803
3.964579
0.8193499
0.0
0.65240365
0.33369178
0.026759997
0.0576582
0.0
5.0096493
0.25582254
0.08062292
3.5408428
0.0080728335
0.0
0.0
6.283945
0.0
0.09223557
7.9600105
1.3431706
2.5337543
0.039173543
0.5040099
0.11729837
0.35454372
0.5360153
0.6330629
8.892359
0.0
0.0
0.0
2.4216368
0.0
1.1850393
2.3751442
0.8833349
0.0
0.0015261805
0.5329193
0.90464395
2.706817
0.03079435
0.0
0.0
0.0
0.72717136
7.2272835
0.0
0.82878906
2.3897457
5.11447
0.0
0.3372357
0.037734646
0.008382669
0.0
1.1259818
0.025172712
3.5810392
0.89735955
0.532063
8.651381
0.0
4.119369
0.0
0.7994464
0.021032946
0.0
4.0728045
0.0686691
0.0
1.0084952
2.2439268
0.0
0.030151138
0.31244996
0.0
0.0001649224
0.0
2.0950336
0.39308247
0.35494313
0.0
0.0
0.37316433
1.3906579
0.04636802
12.565165
0.18048516
0.0143277645
2.150438
4.198902
0.0
0.0
1.5130827
0.09905085
0.0
0.57619584
7.1375074
0.1613907
0.0
0.042680897
0.03676372
3.587616
1.0722009
4.944573
0.12733375
0.0
0.06353411
0.06659348
1.7855787
1.0233973
2.6334221
0.34722823
0.0
0.0
7.3738403
1.245398
0.0
1.5821555
0.0
0.0070657535
1.8981717
0.04156485
0.0
0.803245
0.0
0.096855484
0.0
0.13527752
0.0
0.0
3.4333706
0.0170914
3.1811314
0.7337838
0.22498988
1.7618363
0.42090762
0.0
0.022806186
0.0
0.61485463
0.0
0.0
0.4921669
0.0
0.0
0.16319486
0.0
2.4009633
2.5108137
0.0
12.144119
0.6495188
1.3708167
0.0
2.9994915
0.26454058
0.092476845
0.01963794
0.0
0.45567766
0.0
4.047128
2.9634523
0.0
0.1103448
0.0
0.19348273
0.0
2.302184
0.10885408
0.0
2.4259772
0.0478121
0.0
0.13055736
0.0
0.0
0.0
2.8588967
0.08742078
4.068615
0.0
1.3236542
1.89001
0.0
0.053602174
0.0
0.74240476
0.44630915
0.6747922
0.116494276
0.110600695
0.0
4.345205
0.0
0.0
0.0
0.0
0.00758727
0.0
4.406736
0.0
0.0
0.8791229
0.0
0.0
2.6924944
0.0
0.0
0.02235004
0.04621712
0.12911507
0.0
0.0
0.5369396
0.08280292
0.2911187
0.0
1.2109823
1.2360185
0.0
0.0
0.061933074
4.21214
0.0
0.0
11.965454
0.0031583773
0.0
0.0
2.9709835
0.0
0.0
0.017604109
10.202052
0.7612748
2.1785228
5.1648498
5.307392
0.34814763
0.0972181
3.2460563
0.038306005
0.0
0.023336608
5.3347325
4.678322
0.767545
0.49342662
4.927574
0.0
12.952457
0.0
0.19317782
0.012325042
0.49137518
0.0
0.0
2.5369372
9.0684595
0.047749326
0.0
0.7022187
0.052717846
7.5143538
0.051465657
0.0
1.6045008
3.5749528
0.0
0.0
0.0
0.0
6.381687
3.7362995
0.0
0.042171683
0.061549585
1.5348014
0.5069614
0.0
0.17188384
0.15607281
0.0
0.0
0.35819355
0.0
10.3601
0.0013923256
0.0
2.6545877
2.6396494
0.3647244
3.0930784
0.29630253
1.511527
0.0
0.0
0.0
0.0
0.0
0.24822772
0.25366804
0.0
7.516025
1.2214082
0.92933095
5.1232924
0.15783846
0.30744442
5.4110346
0.56271887
3.0590172
0.20291321
0.0
0.030936712
0.77252495
9.11055
3.0923953
2.496915
1.5765476
0.0
0.0
1.7414861
0.0
0.6665782
0.23335853
6.9771805
0.0
0.0
7.108557
0.0
0.0
3.7017815
0.0
0.0
0.0067860642
0.92516077
0.0
0.76397324
7.045221
1.623338
2.8807516
0.04111543
0.02256638
0.06429953
0.1879463
0.0
0.021369785
0.045809414
0.009213885
4.973441
4.7516356
0.0
0.0
7.9201674
0.0
0.0
2.2659576
0.03289385
0.0
0.0
1.6316857
0.0
0.0
0.5662873
0.0
1.342974
8.75961
0.0
0.0
2.1798642
0.0
0.0
0.0
9.6525955
0.63110965
0.0
0.0
6.2272263
2.4610262
0.023507169
0.0061458424
2.303634
0.8859837
0.119954914
2.0005064
0.0
0.21841608
14.701706
0.0
2.188473
0.0
0.0
0.0
0.0
0.2839194
0.0
0.0
5.123154
0.0
0.0
0.0
3.8872824
0.048998423
0.031058136
1.3701252
0.0
0.13387641
0.0
0.0
1.3425848
0.010399051
0.0
0.0
7.6194105
0.0
1.7863239
1.8975984
0.0
0.20843837
1.9012781
0.73882353
0.014524961
2.7707937
0.4784119
1.9002583
0.37418085
0.32422283
0.046635617
0.6489317
0.0
9.8917675
0.0
2.0182934
0.0
0.0
0.06324895
0.0
0.0897399
1.4805142
6.384399
0.13485608
0.4215331
0.61463124
2.4677508
0.09585813
10.174689
0.5397496
1.6329482
0.0
2.7140222
0.018793968
0.0
0.0
0.0
0.0
0.0
0.0
0.0
0.31521592
0.0
0.0
3.4635246
0.007961181
0.0
0.474545
0.32032874
5.1378503
0.0
0.22616233
0.0
0.37457928
0.0
0.05906259
0.43425483
1.239537
0.0
0.666898
8.669246
4.994603
0.0
0.14965
0.05564794
0.0
0.013051714
0.6191
1.5222502
0.5545638
0.065994576
5.1998405
1.130166
1.002822
0.0
0.0
0.0
0.79588926
0.49473238
2.2037907
0.0
0.0
0.0
0.0
0.11195746
0.37088194
0.0
0.34876937
1.9876571
1.5801581
0.0
0.0
0.5743116
0.0
0.9240863
0.0
0.0
0.0
0.0
0.0
0.39600706
9.924371
2.0356061
1.6409967
0.0
0.0
0.0
0.0
0.20248596
0.0
0.0
0.0
1.474112
0.76162004
0.35766008
0.14616054
0.06695784
0.0
0.029427737
8.082915
0.0
0.0
0.0
9.131388
1.6490762
5.1356835
13.240848
0.1617021
0.0
0.0
1.0924835
0.35114375
3.1602008
0.0
0.0
0.0
0.00086045754
0.044963
2.255598
0.0
0.14430109
0.0
0.0
0.29295895
0.0
5.295363
0.19505481
2.6938295
0.009313636
0.0
9.054346
0.0
8.473974
1.2617271
4.3347983
1.8826216
0.13773093
0.0
9.171847
2.0375469
3.0759766
2.9198942
0.58680046
0.0
0.0
0.0
0.016864022
0.0
0.0
0.7722734
2.7775605
0.3379023
2.015535
6.7984624
0.0
0.5898456
0.0
0.0
1.4404734
0.14436173
0.0
0.0
0.004462741
5.365399
8.129567
0.0
2.7052064
1.2412957
1.0218894
9.648573
17.467144
0.0
0.015249291
0.0
0.0
0.626007
0.0
0.80871433
0.0
1.0833039
1.3043685
5.309479
1.4806573
0.36800843
0.43011156
0.2835438
1.3185171
13.159486
1.0543035
0.47684556
0.020289557
0.44682747
3.154001
0.0
0.14830552
1.4616573
0.010502526
0.0069011035
2.9720452
0.0
0.0
0.0
0.0
2.2588813
0.0
1.9369019
0.6056106
0.0
1.2792847
0.12170036
0.0216487
0.0
0.0
0.0
8.519502
2.5301678
1.261165
0.18133028
0.0
0.17359185
0.0
0.0
1.7605982
0.0
3.3365936
0.7802157
0.3306429
1.7448072
0.0
0.0
2.1392653
0.0
5.796099
5.7883115
0.0
0.010534014
0.10183277
0.0
2.3614333
0.0
0.0
0.9492399
0.0
2.9721568
0.0
0.0
0.29826596
5.1774044
0.92915606
0.03276269
5.947491
2.500737
0.58694375
0.0
0.0
0.0
0.0
0.0
0.47016755
2.5548594
0.0
3.6918616
0.2689758
0.0
0.0
0.0
0.0
0.065093465
0.20860747
0.2399838
0.8323746
0.14048062
2.1132896
0.046240073
0.2014716
0.0
2.287519
0.0
0.016181493
0.86674094
2.5962229
0.25214326
0.19381076
0.0
8.719503
0.033794843
0.0
0.07520254
1.7068892
0.0
0.10393201
0.0
0.2909977
0.9249502
1.1989968
1.2092794
7.48891
2.3007982
9.274108
4.3030815
0.60313004
4.575717
2.604218
3.4446595
4.049126
0.0
0.0
2.1072278
0.0
0.0
0.39127007
0.0
2.7151735
0.0
0.0
0.0
0.0
1.3686748
3.8962045
0.0
0.022566343
8.585708
0.13327302
3.066582
0.0
1.2882456
0.0
3.7131693
0.0
3.4075928
0.08587664
0.4336249
0.013407824
0.0
5.1574397
0.0
0.0
0.0
0.0
2.772066
0.041960433
7.629018
0.0
0.0
0.0
0.044186193
0.17041473
0.0
0.0
6.882582
4.075668
0.24574336
0.0
5.051221
3.787677
0.27675185
0.20029734
1.710132
2.3012397
0.6644775
0.93257844
1.4331661
0.21569684
0.05387078
9.305602
0.0
0.0
2.5736916
0.0
2.0642388
0.0
0.37960255
0.0
0.0
5.1631894
0.0
0.0
0.0
0.04471223
0.0
0.0
0.0
0.0
0.104441315
0.41045758
0.0
5.2005143
0.2653871
1.4483118
0.06796499
0.17859007
5.493138
0.0
5.8773255
0.0
1.6550381
0.0061255256
0.0
0.0
0.36918375
5.631417
0.0
0.0
5.234166
0.35143775
0.0
9.327605
10.530937
0.1713814
0.0
2.0786858
0.7678717
0.0
0.013800882
0.012692584
0.0
2.66411
1.9387556
2.2847366
5.937177
0.0
0.46643597
0.69978154
0.0
0.73883814
0.57473457
3.263051
0.18978664
0.0
1.2854086
1.4445567
0.0017768607
0.89802724
0.0
0.5079724
1.2644156
7.97632
0.023158535
0.0
0.18383014
2.527689
0.005689059
0.0
0.01630803
0.0
0.0
1.4270864
0.0
0.16272277
0.0
3.4388924
0.0
0.0
0.06755982
0.0
0.1225235
0.0
0.1296014
0.775904
0.36090142
0.027648797
0.0
0.0
0.58515656
0.0
2.1514227
0.0
0.117844455
0.43992645
2.6094587
2.7121162
0.0
0.24757105
2.458141
5.6525993
1.3763696
0.2393947
4.9786353
0.17426701
0.0
0.0
4.776611
2.4710467
2.872687
4.744756
0.0
7.104648
0.012631421
1.1812435
0.1472434
0.72927433
0.0
3.8744597
0.6844346
0.0
0.0
0.0
0.06004922
0.03411149
1.0971915
1.9681308
2.7948544
0.15499191
0.0
0.0
0.0
1.4556365
0.8899135
3.8726962
1.026882
5.629393
2.5248687
0.0
0.43149212
0.0
0.0
0.0
0.0
1.8528032
0.0
3.2305043
0.05424128
10.72801
0.94716483
0.037861835
0.0
1.9825845
4.0522676
0.0
3.3480165
0.45669147
0.96621656
0.0
0.0
1.3994883
0.026799249
0.8580017
5.045556
0.17980416
0.0
0.0
1.5676523
0.0
0.0
5.4478416
0.21032263
7.29303
0.063953824
0.0
2.466997
2.952
1.5403997
1.7595011
0.04455871
8.096902
0.0
0.9217636
0.0
0.0
7.8314896
0.0
0.0
5.355019
2.6630564
0.0
0.0
0.0
0.013652077
1.9816301
0.0
0.92433524
0.09001259
0.257123
0.9088457
0.05855131
0.4215766
0.6211303
3.8564935
0.0
9.078496
0.09660603
0.0
0.0
0.0
0.0
4.0370836
0.0
0.25727722
3.378891
0.974438
0.0
1.020653
0.0
0.007405583
1.0439234
8.313184
0.0
0.013451357
1.1920915
0.0
6.3201437
0.10419912
0.1683255
0.0
2.0690835
0.06197565
4.670903
0.0
1.0156152
0.029320505
0.06515543
0.0
4.3647776
0.64587104
0.0
1.7770681
0.019331234
0.12465709
0.061369196
1.0770617
0.0
7.001012
0.2294457
0.0
0.39975291
0.0
7.3724484
0.0
1.5196038
4.1470957
0.0
0.00036079055
0.9803677
0.0
0.0
0.0
0.0
0.0
0.031029984
0.0
5.8496113
0.0
0.0
7.6438603
0.0
0.43764886
0.22098956
0.0
0.0
0.70866793
0.0
0.0
0.077196516
0.580095
0.019753478
0.10216887
1.3555756
0.37805846
4.8475723
2.921387
6.8438272
0.0
0.06856436
0.9727134
0.5947527
0.0
1.2162573
0.0
0.0
5.0692935
0.0
0.0
0.9438607
0.23780796
0.0
0.7377771
5.4122806
0.0
0.21443982
0.0
1.9110587
0.0
0.86958134
0.052400228
0.815107
0.86699706
0.0
0.16470818
1.9804025
1.3573792
5.653562
2.8820057
0.1990629
0.22542793
0.0
0.7030515
0.0
2.8325622
0.14676836
1.4313384
2.1880627
1.7874281
0.075381085
0.22522067
0.0
0.0
0.0
4.5211368
0.0
0.0
0.092175044
8.127909
0.0
1.307763
1.4071524
0.060486607
11.053533
3.608373
1.9524382
4.667568
1.8784679
0.0
0.0
0.4179845
10.553525
1.7931701
0.0
0.0
2.6131713
0.6922857
0.0
0.87521154
0.0
10.344125
0.0
0.0
0.32831845
0.98692936
6.5749397
0.47088367
0.046098787
0.6399199
0.0
0.0
0.02219978
0.0613876
0.21732001
0.006990428
0.0
0.0
1.630902
0.0
2.5666232
0.179569
3.473406
0.0
0.041560173
0.1736863
1.0840706
0.008908788
0.0
0.0
3.2731137
0.0
0.031687472
1.3101659
0.0
6.412307
6.208417
2.065854
0.41084772
2.1258075
2.8993928
0.5571815
0.84432065
0.0
3.5117838
3.6847374
0.50387865
0.6003622
0.01326053
0.4858424
7.15782
5.91168
3.8351073
0.45033088
0.0
0.0
0.0
0.0
1.2156521
0.0
0.2095972
0.24891168
0.029744921
0.13777249
0.0
2.4574413
0.0
0.6728293
9.7988615
5.4772234
3.738025
0.31725943
0.0
0.0
0.041159503
0.029568505
0.0
0.0
0.5200297
0.35928756
0.16264795
0.2263308
0.0
0.12135502
0.08202702
3.2811465
0.0
1.9288609
0.0
11.606917
0.0064953347
5.377449
2.6769621
3.6157184
0.0
4.4508805
0.02774703
0.0
0.8622543
0.008965774
2.4133742
0.13977179
0.0
0.0
3.1442325
4.038145
6.0990944
2.4164069
0.0
0.0
0.3139786
0.0
1.3744097
0.9866074
0.13928835
0.6975716
0.0
1.0046375
0.0
6.3024855
1.5301843
2.5562887
1.3441288
0.0
1.9412873
0.1810857
0.09859025
6.2642474
0.23788929
0.2716974
0.33411536
0.0
2.2107618
0.57482225
0.0
0.0
4.6164637
0.0
0.7951716
0.0052848835
0.16662675
0.0
0.0
0.86580306
0.0
3.7106469
0.004305657
0.05171577
0.0
1.3306941
0.0
0.0
1.1088365
1.988052
0.00070046406
0.0
1.0549269
0.0
0.0
0.0
0.0
0.0
4.6171556
5.6090093
3.413661
0.25892133
0.0
0.0055917962
1.5382046
0.0
0.60533506
0.50328296
2.575078
2.7782247
10.145914
4.818433
0.02555979
0.44816172
14.258647
0.0
0.39873365
0.0
0.96384525
0.053413216
0.0
0.71144944
0.0
0.69902503
4.101551
0.40307587
0.0
0.52409345
0.006022541
2.1686952
1.2130978
0.035128146
0.044503644
3.8326051
0.22865911
0.0
5.9005527
0.33348465
1.0629003
1.1008643
0.5407011
0.0
0.27234408
0.026734939
0.41625094
0.13225424
0.27784634
0.0
1.4235277
9.629739
0.0
0.05311454
2.6021428
0.0
2.0503087
0.0
0.0
2.8636699
0.0
1.4515436
0.0
0.0
1.0012215
0.22341113
0.0
0.3466581
0.0
0.9824021
0.0
2.4378288
0.0
0.0
0.19838469
0.0
3.875107
5.3096275
0.082499005
1.9301865
0.0
1.3251466
0.79185444
0.0
1.0573714
0.0010866072
0.0
0.38290897
7.251861
0.0
0.0
0.01675004
9.34857
0.0
0.9699109
0.0
0.02892673
0.0
0.91644317
0.0
0.0
0.0
0.0
0.87758374
0.49656793
0.6341041
0.0
3.953245
6.5126467
0.0
0.0
0.75206333
0.0
1.4213177
0.0
0.035704385
0.83564705
3.778531
0.3869714
0.0
7.605236
1.1797714
0.64106464
0.0
0.33823636
0.35187468
8.213712
0.4887636
0.14870748
0.0
1.0176575
2.7174547
6.4608116
0.40393144
4.124937
2.410131
2.3929348
0.0
3.065379
12.325979
3.6696093
8.279616
0.06499773
3.1118817
0.321206
5.901033
5.653107
0.23388195
0.0
4.781717
0.009862263
0.0
3.6567798
2.8067067
0.30845279
0.8478549
6.444969
0.0034657717
2.3065476
0.09679152
0.24801368
0.08431353
2.8416226
0.1744254
0.0
0.02046532
5.9382668
0.0
0.0
0.0
0.39856747
2.6974037
0.0
1.7349265
2.5293157
0.49360198
0.0
0.029892763
1.1160315
0.28936777
3.2634676
0.0013358301
0.0012302983
1.3257674
0.26200366
0.0
0.24182254
0.0
0.4326509
0.0
0.0
1.38774
1.6627865
0.116174154
0.43372506
0.11850833
0.0
3.5015373
0.0
2.3370934
0.0
8.586452
0.14397931
4.9714
1.0266541
0.08009449
0.0
1.605343
0.0
1.8968337
1.060392
0.32061216
0.46857554
0.0
0.0
2.23687
0.0
0.039835814
0.02302166
0.038151428
0.0
3.6635792
2.267611
0.8860349
0.0
0.01718634
0.043052297
1.7106429
0.009649267
0.5712446
0.31206766
0.91625893
0.0
0.06582422
0.0
0.0
0.15857631
0.009407119
0.0
0.1576185
1.6788136
0.51410294
0.0
1.188649
3.1538541
0.08672591
1.5288601
0.05722071
1.948389
0.0
0.5629836
1.0152668
1.2970692
0.0012364972
0.0
0.0
0.0
0.008542574
0.057334535
0.0
0.17766139
0.25060487
0.019592483
7.7255797
0.050900444
4.7679186
0.0
0.93278545
9.43551
0.046223428
1.4308577
0.5817496
0.41616982
0.0
0.0
4.2605844
0.0
6.84018e-05
3.3947327
0.0
9.159382
0.0030066553
0.0
6.4766374
0.0
0.18450385
8.948578
2.0497618
0.027071716
0.0
2.470379
2.4019763
0.0
2.1503563
1.0621619
0.07064648
6.1280212
0.0
1.0886551
0.0
0.9155751
3.067876
0.17939135
0.0
1.4158304
0.0
0.0
0.08359712
2.7031178
0.0
10.2360525
0.0
1.1475464
0.0
0.023742057
0.0
3.743521
0.0
0.912547
7.6599407
0.0
0.10480657
0.00041227438
1.1049263
4.7778263
2.2713337
10.50986
2.4690921
1.2437422
0.0
0.0
1.7877847
4.0994263
0.0
0.0
0.0
0.0
0.67900795
6.0399756
1.8360455
0.0
0.0
0.53063905
0.0
2.4287965
2.217453
0.026351752
0.53460354
8.89666
11.36853
0.0
0.89082414
0.0
9.329205
0.29195648
0.1571473
4.5763516
0.8364375
0.0
3.1508496
5.947302
0.0
0.0
0.05559304
0.0
1.3490819
0.0
0.09044645
2.7261522
0.29666936
0.6757721
0.008935693
0.69444776
0.0
0.058546398
0.37442896
4.9278617
3.420004
0.0
0.0
2.3637521
0.0
0.0
0.9856118
3.3143632
2.316518
0.0
3.9210804
0.0
1.9958452
4.877626
0.0
0.0
3.2056708
0.0
1.6053015
0.0
0.0
2.8812978
2.0142372
0.069016874
0.0
1.1254635
0.014611356
0.0
0.0
3.056158
0.0
0.20816994
0.0
0.0
0.6860596
0.0
0.74387735
0.7183988
0.7196775
0.0
0.25037536
3.2164314
4.062654
1.6984236
0.7507238
0.0
0.34852234
0.0
1.4386744
4.46752
1.5101078
3.5383582
0.25551292
0.84432316
0.5050129
0.7511418
0.0
1.0609773
0.098875485
4.2857733
0.0
0.0
0.5183149
1.6862942
0.02889053
0.0116206
0.0
1.3416662
0.68612945
0.091673285
0.7769946
1.8610733
0.0
0.0
0.0
0.10420787
3.206498
3.2466679
8.419792
1.0839051
1.5917101
0.0
0.0
6.7150106
0.10305185
0.0
0.0
1.0218278
2.2410846
0.0
0.0
0.0
0.0
0.0
5.9592633
0.0
3.7474277
0.13909574
5.300396
0.0
17.75023
0.0
0.7548599
6.3763876
0.0
0.37723503
0.0
0.4403791
0.016144043
0.0052525196
0.0
0.41969424
0.37726137
0.3398399
1.3149418
0.38784215
0.0
0.0429711
0.032725245
6.493118
0.023956815
0.0
0.0095377695
0.0
0.25928816
0.60219705
0.0
1.1025325
0.0
0.0
