3.5464144
8.621222
0.0
0.2907955
0.0
0.0
0.9292844
0.03617641
0.13018385
0.016160848
0.0
0.21514574
0.0
0.008519049
0.013191938
0.0022628598
0.28181517
0.00946035
0.6958305
0.0
1.1657275
0.85386306
0.006525125
0.0
2.8386776
0.17047368
0.70185494
0.0
0.03415937
0.3988764
0.0
0.0
0.0
0.017526936
0.0
0.0
0.0
0.0
0.0
0.5723218
0.6823778
0.0
5.389118
0.0
0.0
0.0021516401
0.0
0.06344586
6.2111335
2.4657166
1.1526314
0.0
0.022803506
1.1412352
0.5130132
0.0
0.0
0.16655605
0.0
0.32337102
0.0
0.0
1.5442326
0.024473738
0.0
1.0295362
0.0
1.7318183
0.71340895
0.24782936
0.0
5.4837785
0.067647085
0.0
0.0
0.4488613
13.122855
4.880052
0.0
6.2101426
0.0
2.7854075
1.6051472
0.0
0.0
0.32613322
1.7604853
0.08641945
0.1959461
0.02496053
0.0
3.3010383
6.2161803
0.82702917
12.746247
2.6536252
0.024269693
0.70134884
0.0
0.0
0.0
0.0025051478
1.5860397
0.0060001467
5.848997
0.65511626
0.07066409
0.0572526
0.0
0.0
0.0
0.0
0.09304014
0.22363362
0.0
0.0
0.022347163
2.1826959
0.0009415758
0.0
0.06308548
1.9619039
0.017613385
0.0
0.09813063
0.0
0.0
0.0
0.0
0.3517778
3.2650054
0.0
0.0
0.0
0.7992065
0.0
0.6954038
2.9571595
0.16301805
4.7075157
0.0
1.1132195
1.6351862
0.8711077
4.375377
4.162103
2.1939404
3.1915874
1.6024241
5.6632304
0.0
0.008203633
0.0
0.0
0.08554095
8.455072
0.045798805
0.13923357
0.08173416
0.0
2.1992524
0.0
1.577514
0.0
0.17568323
0.0
0.9188135
1.0385522
0.066137664
0.0
0.0
0.47518897
0.0
0.0
3.5668275
0.3765613
2.2385085
0.0
3.1917067
0.0
2.0969245
0.0
2.5807583
0.20267749
1.8132839
0.0
0.0
1.8835964
5.5424867
0.0
0.0
0.065674484
0.098995686
1.3298159
0.0
0.0
0.53459394
7.1068325
0.8835049
6.819392
0.0
0.0
0.0
0.0
0.0
1.9848601
3.6270013
1.0345905
0.0
0.5681607
0.0
0.0
0.72867966
0.0
0.34510878
0.118614875
0.0033005548
0.31479636
0.0
6.345437
3.6218252
0.02033623
2.8765526
3.3604114
0.035977893
0.49204415
3.0025346
0.27853277
0.0
1.1362855
1.1334532
0.0729005
1.1424518
0.0
0.0
0.0
0.7673526
1.1229949
10.051895
0.0
1.7154561
6.853138
0.102409326
3.3114378
1.7309138
10.165114
1.9182453
3.8236187
1.1163726
0.0
0.0
0.0
3.311271
0.93531364
0.17855002
0.0
0.78334725
0.21113127
0.0
0.0
3.361656
5.0768147
0.0
0.025052054
0.0
0.118516736
1.3921696
3.1751518
0.0
0.0
0.0
0.0
0.0
4.247706
0.6218107
1.0962797
0.01419616
1.2976314
10.86484
0.080815576
0.5928221
1.4681344
0.9750119
0.0
0.0
0.4329666
3.1176188
1.6445456
0.2953592
0.043779988
0.0
0.0
3.2245495
0.0
0.65378314
0.007065564
0.018141627
0.49021837
0.11699645
0.09533543
0.0
1.3662807
0.21714826
0.066490375
3.4661968
1.5037302
0.02463051
0.0
1.0514891
7.6725583
3.4504101
1.3101039
0.21888478
0.0
0.0
0.0038564424
0.0
8.736319
1.8188396
0.0
0.0
0.040249273
0.28220326
0.22660756
0.0
0.0042473734
0.053157046
4.8562365
0.0
2.9200823
0.379279
0.0
0.12901738
0.39717132
0.26622626
0.0
0.0
0.9531267
0.0
0.073426865
4.3574166
1.6080363
0.01333278
1.1286246
0.09034821
0.2710949
0.0
0.0
0.0015163592
0.53257644
0.38163838
0.0
0.28191215
0.71342367
3.3559065
1.9882771
0.52407515
0.017123096
0.0
0.0
0.0
0.0060591404
0.0
12.437664
0.057870496
0.46708632
0.01835946
1.4120452
0.010490828
1.6021338
12.122956
0.016329002
0.010430302
0.0
1.7093375
0.04347662
0.0
0.02845773
3.9824667
4.9464684
0.0
0.0
1.7204213
0.72726464
0.0
0.0
0.0
0.12843198
4.741669
0.0
1.2111173
0.0
0.24820818
1.0086803
0.0
1.2275156
0.056032307
5.581427
5.3500347
0.0935487
0.9904559
0.0
0.0
0.032516688
2.3567064
0.067443095
0.96147484
0.0
0.0
2.3145037
0.045113422
1.2901397
0.0
0.11297861
0.6508887
0.0
0.0
2.3540819
0.3024706
0.06507486
0.0
0.0
1.7162867
1.5989538
0.0
0.007092476
0.009713793
0.73773164
0.0037719912
0.0
8.70372
0.0
0.0
0.01438948
1.510103
1.3327224
0.040455453
1.9748275
1.5239961
0.0
6.859878
0.094015494
0.0
0.5957524
0.0
0.17505635
0.0
0.61077034
1.8887099
2.4335268
1.4823816
0.0
0.0
3.8763263
1.9991298
1.2193437
0.0
10.889518
0.0
0.06658061
0.06554997
0.98326904
2.251136
0.0
0.63069415
0.38048792
0.35327253
0.49915656
0.0
0.0
4.093779
0.6241407
0.24921472
1.8561008
0.04764237
0.0
0.31786612
5.7019024
11.042087
0.24667689
0.0
0.0
0.0
0.00981111
0.07879262
0.009430449
0.0
0.0
0.7492051
0.9875089
10.956007
0.9965271
0.28409928
0.0819207
0.1018904
12.222508
0.8003377
0.0
0.0
0.0
4.401697
0.30159554
3.0021465
0.0
4.150724
2.6933696
6.065711
4.5035586
3.039022
0.0
0.0
0.06793298
0.0
0.090718776
0.0
0.0
0.0
4.253053
3.5187602
0.019968154
0.03765342
0.0004845079
0.21294263
0.0
0.0069990302
0.0
6.0112424
0.0
0.029878912
0.0
0.0
0.0
0.0
0.0
1.3481512
1.844009
0.43726552
0.0
4.597315
0.705998
0.0
0.0
0.21435873
0.0
1.5107319
0.19331174
8.997535
0.44400012
0.0
0.31412342
0.0
0.0
2.373439
0.0
0.01232049
0.0
0.26443982
0.0
3.3685524
2.5799656
3.4060204
0.3121755
2.2412817
2.2061002
0.0
0.6635216
1.3060259
0.0
0.0
0.00041573754
0.0
0.0045867744
0.13026303
7.9323297
0.0
0.38448152
2.6147149
0.0
0.0
1.4926815
0.15787902
0.0
0.053104334
0.0018361394
0.04027255
0.3745904
0.0
2.4492073
0.22042383
0.328116
0.5782248
0.34438616
3.2863076
0.2665346
0.20453428
0.0
0.03396677
0.11712786
0.27522546
0.0010055717
0.0
0.0
0.35614926
0.14504768
0.002150044
0.030910112
0.0
1.1244998
0.0
0.0
0.0
0.0
5.166231
0.0
0.0
0.012179421
0.17924017
2.577355
0.0
3.5592923
0.010401317
0.0
0.0001014909
9.397375
0.0
1.8105947
0.0
1.1466175
0.01428982
0.0
8.089211
4.408282
3.228791
2.6739898
0.5181643
0.0
2.3320866
0.6599986
0.0
0.0
4.3495274
0.021595936
0.045339808
0.08740931
0.5865211
0.25861794
3.540289
7.550859
0.0028213335
0.66977215
0.25057843
0.16345793
0.023523076
0.20275392
3.1484413
7.415307
0.6079096
0.2023447
0.0054161595
2.5907507
0.33647075
0.0
0.0
10.897941
4.810758
0.0
0.0
0.29387563
0.0
1.0056884
0.4657675
0.24810252
0.0
0.0
0.0
0.0
0.1266925
0.013104074
0.9143992
0.0
0.0
0.014582737
1.8367084
3.5688844
1.7395232
6.468661
0.0
1.689821
0.12884428
0.2917735
1.157263
0.0
2.9407737
0.0
0.0
1.4647481
0.912155
0.0
2.541844
1.8832169
0.23367727
0.47753927
0.45183706
0.033156045
0.0
5.915202
3.274903
0.6603668
0.65172774
0.0
0.0
3.0102186
0.0012028338
1.4699794
0.0
10.803204
5.4274917
0.39757565
0.23640828
7.227029
0.6054506
1.0369952
0.30642283
1.9537852
0.3496314
1.0518284
0.07062695
0.032102473
0.0
0.0
0.0
0.001853449
1.4478987
0.06713787
0.08336755
0.0
0.0
0.14119573
0.0
0.0297849
1.0975404
0.19136257
0.0
0.0
0.0009885856
0.0
2.0453668
1.3790168
0.0
0.0
0.73809254
0.13975893
0.029305348
5.1410203
2.5968142
0.13433157
0.66033393
0.9821824
7.899784
2.52262
3.2322977
0.0
0.045610417
0.0626819
0.08875519
0.0
0.005971281
0.0
0.8207772
0.0
0.382061
0.027167967
3.5163949
0.0
1.2009866
3.2729464
0.012528065
8.089912
0.0
0.0
3.0938616
0.7555881
0.03868194
2.9350228
0.0064287917
2.9787285
0.24962744
0.0
0.0
11.701526
0.014088521
0.2666348
0.045391858
0.41204348
0.0
0.0
1.5103126
0.0
0.0
4.6708736
0.0
0.56837845
4.916112
0.0
0.0
0.0
2.6173708
0.41116992
0.0
0.0
0.0
0.029658327
2.260538
0.0
1.0204222
0.0
4.993196
0.033524416
0.04871255
4.154861
0.0
0.44148368
0.0
0.9239682
2.682076
1.9760696
0.0
0.17758285
11.23247
1.9112586
0.0
0.0
6.492796
0.1020124
1.4725828
0.1813556
0.0
0.81570697
0.17264219
0.0
0.0
0.0
0.0
0.0038232608
0.0
2.1440957
0.0
6.5085382
1.2162923
0.0
2.5029416
0.0005491899
0.0
0.06564001
0.0
0.0
0.0
0.026757576
0.0
0.016845196
0.042868167
0.28584695
5.7759576
0.0
1.1397538
0.0
2.0558565
0.09697904
1.378896
0.14994027
0.08888698
0.4487629
0.0041943826
0.103518635
0.14228909
0.29860368
0.0
1.0577041
0.0
4.3523626
0.63647443
1.3195329
0.0
5.223404
2.2108407
0.7138417
0.020460987
0.5297612
0.0024985196
0.0
0.0
0.0
0.0117056025
0.25239775
5.0158076
8.823694
0.0
3.601951
0.4629747
4.019547
0.0
0.0
0.0
6.088021
0.0
0.42573142
0.11210135
0.0
0.0122856805
0.47872794
0.0
2.7478662
0.0
0.0
0.0
0.10484833
0.59479386
0.41504374
0.19544868
8.498297
0.48814303
8.222041
0.0
3.2684608
0.6630868
2.4468699
5.2455735
0.017738387
0.014166346
7.4458723
0.0
0.0
6.2984114
0.0
1.0017369
0.11355317
4.064668
0.04481913
0.58327746
0.0
3.6117668
0.048473425
0.0
0.0
0.55263233
0.535059
0.659785
0.0
0.0
0.4346214
1.4079375
0.07052213
0.501924
1.6950777
0.44721577
0.0
11.506426
0.0
4.5976267
1.8003902
0.13811457
0.0
3.4306376
0.14822605
4.914755
0.0
0.75787556
0.0
0.13554578
0.0055700247
0.03572653
0.14524041
0.0
0.006190066
7.9979334
0.111666076
0.0
0.34793025
0.48554277
1.2627385
0.98466414
8.45104
0.0
5.619953
0.0
0.0
0.0
0.06776939
11.200709
0.0
0.025963677
0.00027047857
0.029770564
0.0
2.201557
0.0
4.733667
0.0
0.5550767
3.3561504
2.4505405
0.27207893
0.0
0.75240284
1.323473
0.80291146
1.4737298
6.046353
1.6534468
1.6620378
0.7084608
0.12435967
0.0
0.087666646
0.10624845
5.4293294
0.07323583
2.6123278
3.8087943
0.0
0.0
0.7733599
0.69859874
0.91707456
0.0
0.27236545
0.001838178
0.7601145
0.0
0.06534132
0.34050137
0.1438405
0.36893502
2.9201033
1.7823124
0.97905606
0.087650046
1.4082652
0.0
0.0
0.12582768
4.6948237
0.0
0.0
0.0
0.0
2.7755282
9.039813
0.0
2.1516132
0.17731681
0.0
0.50507337
2.737009
0.0
1.067166
1.193509
0.0
0.0
0.71785694
0.24219161
0.0
0.0
7.3742304
3.0599325
0.0
0.0
0.0
0.0
3.6675506
0.017845962
6.130898
0.0
3.031267
2.3866482
0.03009479
2.4377367
1.3519388
2.7416005
0.35471374
0.6539797
1.5919152
0.0
0.0
0.17706019
0.0
0.0372478
0.046108708
0.0
1.7663932
0.8332205
0.0
0.0020920988
10.046636
0.001916557
0.0
1.4866232
3.3564658
6.124389
0.0025567326
4.788903
0.5144949
0.025862256
0.25000343
4.7408056
1.3455955
0.48843095
0.0
0.0
0.0
0.15141489
12.4136095
0.40115356
0.0020763753
1.4805691
0.0
3.5807679
2.3126137
3.395969
5.064817
0.72084963
2.9595277
1.4647294
0.0
1.033899
0.0
0.18271287
0.0
5.099759
0.0
3.1909525
2.1447985
0.0
0.18120861
0.0
0.4859957
0.76588714
0.0
0.0
0.13703291
3.987187
0.0
0.0
0.0
0.19996655
2.5753193
0.41351607
0.0876443
0.0
0.0
0.0
3.6727948
0.6622505
7.871561
3.8094614
0.0
0.29885674
6.2979465
0.0
1.5347499
0.057859734
0.0
0.32025567
0.40184584
0.0
0.0
0.08511822
0.18640576
0.0
0.0
1.4071666
0.35686153
0.68644994
0.13593297
3.7476554
0.0
0.06084089
0.0
0.0
0.00061101816
0.0
4.325151
0.017781638
0.60986054
0.09038621
1.3327231
1.2687955
0.030097438
0.0
7.43747
2.4823072
0.13037601
4.1903367
1.9469442
0.01693292
0.0066557587
0.0845663
0.0
0.17025411
0.0
1.5957185
0.006648791
0.0
0.0
11.551184
0.0
0.0
2.3126152
0.0
8.449466
0.29183176
0.0
1.8914547
0.0
0.0
2.529637
0.0
5.989364
0.0
0.786248
0.0
1.3608102
4.4999948
2.3979704
0.079046905
0.0
6.11073
3.8061252
0.0
0.021166192
0.0
0.0
0.04229848
1.0715306
0.0
4.4567013
0.0
0.36353275
0.18745719
0.0
1.9350997
1.9328151
2.6217334
0.0
0.2109075
0.07642575
0.0
0.0
0.50383246
0.0
0.17656267
3.8480875
2.774374
2.3485298
0.1978674
0.24670307
5.0933356
0.025554575
0.055877443
0.10842409
1.8621217
0.0
0.0
0.11397921
4.672411
0.14216393
5.711128
0.028050091
8.111698
0.0
1.57443
3.0618823
3.020569
0.50557035
0.0
0.14268762
0.0
0.0
0.0
1.3241454
0.2537949
3.7838132
0.15061593
0.17048259
0.0
0.0
0.016425205
2.8004425
1.4193431
1.5526162
4.865945
0.16011167
1.6918437
0.019523332
0.0
0.0
5.2216
0.0
0.36982343
2.96656
0.0
1.5135244
1.8976752
0.0
0.08403439
2.2770643
0.0
0.27435017
0.0
0.5578737
1.2796338
0.6454045
0.152899
1.6895001
0.0
0.0
0.5966487
0.4009499
0.0
0.043648243
0.0
0.40805116
0.012663321
0.0029487123
0.0254912
1.1065798
0.0
5.9783583
0.0
1.1713264
0.105555534
0.12577237
10.830151
5.6704345
0.0
2.2076738
0.0
0.8448075
0.7104637
0.0
0.36525124
0.0
0.0
0.0
0.0
0.12162831
0.0012720604
6.9980483
2.3723922
1.6541742
8.913456
1.8763568
3.1916556
0.16497266
1.6056566
0.7961669
6.556394
1.8399689
1.1218729
0.0
0.63794386
2.379469
0.49216485
2.543522
8.853001
0.019560672
0.39563665
0.0
0.0
0.0
0.48542053
0.026698247
0.017943455
0.36057633
0.26220477
4.4384027
0.049642686
0.0
2.670052
0.017896779
0.1290267
3.9518375
3.8107114
1.9033169
0.047497083
3.1636505
0.0
0.0
0.48257813
0.0
2.1484246
0.0
1.7567564
0.97454
4.6137133
0.0
7.1228433
0.6848855
0.0
0.0
0.16680686
0.21682477
0.0
0.0
0.0
6.7896175
0.20330009
0.49140203
0.0
0.00709559
0.0
0.0
1.4191296
0.0
1.7197056
0.111336894
0.38056883
0.0
1.0053012
0.0061448375
0.0
8.921093
1.7404243
0.0
0.0
0.3281227
6.233824
0.0
4.721389
5.312763
0.0
0.0
0.0
0.0
0.124272116
2.4570122
0.21815582
0.9977359
0.057338588
0.030278582
0.031706363
0.5330126
3.1355376
0.0
0.19776572
0.2941556
0.058431752
5.326797
0.87969613
0.2696627
0.0
0.4221647
0.0
0.08799127
0.72033733
0.0152814025
0.0020033
0.0
0.025320929
6.016419
0.0008271714
0.02632575
0.12619734
0.0
0.056081727
1.3033139
1.7843126
0.79097575
0.12034288
0.08948262
0.0
1.1330371
0.57000977
0.0
3.1004784
0.0
0.0
0.002442973
2.592736
0.18276207
5.3217955
1.1089846
1.3349417
0.5909662
0.0
2.9959812
0.03596508
0.0
0.0
0.004798305
2.894705
0.15020415
0.067709014
0.0
2.3416266
0.14367463
0.0
0.0
0.0
0.0
0.0
1.3912956
0.0
2.8142009
0.0
0.5457451
1.7543145
0.2097165
0.032681763
0.0
0.0
3.6861198
4.320155
3.3895571
0.7371376
0.0022101451
2.1848292
0.0
0.0
1.3283539
5.3638306
0.32953706
1.9173263
0.5674772
0.0
2.5171556
0.0
1.5634258
1.7966536
0.031050706
0.0
0.0
1.8040631
0.017069587
0.0
0.0
0.76681846
0.907017
0.07421445
0.0
0.031412818
0.0559066
0.0
0.637874
0.0
0.10036443
0.5037199
0.02408842
0.0
2.9583912
0.0
0.18783116
0.866522
11.054289
2.8275347
0.0
2.7023938
0.1814252
2.2852898
0.30684268
7.864115
2.0739603
0.0
0.0
0.9118182
0.012439234
3.9594748
5.210769
0.19978788
0.80231756
0.7962985
3.4503868
1.7635535
0.06033888
0.43380466
1.5374913
0.11968476
0.0
2.5767088
0.0
0.0
0.0
3.0526376
4.5787063
2.7254374
1.9399725
0.46770328
0.042718876
0.0
0.3658098
0.0
5.959025
5.791036
7.771438
0.0
2.2065961
1.6773864
0.29639986
0.0
0.0
1.3602668
0.0
0.0
2.557082
0.0
3.4383392
4.0251327
0.6267406
1.1746162
0.0
0.0
0.0
0.0
4.280549
0.0004619652
1.4797454
2.6298099
0.0
0.59280264
0.0
0.0
0.14842907
0.18509413
1.0894428
0.07564323
3.4420714
0.0
0.009317048
1.5478283
1.944373
0.96661204
0.0
0.0
0.0
1.2140027
0.0
1.1035037
0.0
0.030070504
0.011589138
2.011349
0.008659387
0.028551266
0.10672646
0.0
0.012108263
1.1645631
8.065773
0.687707
0.0
0.04361397
0.0
1.1165218
0.06498511
0.0
0.98288655
0.827743
3.3380942
6.545868
0.02196962
0.0
0.12984838
0.03605685
0.42605782
0.0
1.5679688
0.007689763
1.7725134
0.0
2.8842812
0.22214282
1.3194202
0.008439086
0.0
5.51974
5.394668
3.3113854
0.15536882
0.0
1.2730603
0.0
0.0
0.34382206
0.080684446
1.0640843
0.0
2.564698
0.0
0.0141761545
0.0
0.0
0.20713323
0.0
0.23950715
0.0
0.08282839
0.0
0.11454921
0.0
0.0
0.0
0.028882654
6.775575
0.025955336
4.767486
0.0
2.5762043
0.13156497
0.032263022
2.3749163
0.25281683
6.2022953
2.2126281
0.003623719
2.0199785
0.4625833
0.0
0.07667633
0.0
0.0
0.0
7.909384
0.09927087
1.8409647
0.09357525
2.6179485
0.15396416
2.2928526
0.03687512
0.0
1.0816516
0.8438568
0.39364862
2.1374042
1.2322211
0.0
0.028197225
0.0
0.0
0.18944754
0.47784427
0.0069235186
8.036298
0.8206555
9.570017
2.4092877
2.0591316
0.0
0.16243558
0.77711123
7.7962265
0.8269686
0.11134225
0.0
0.0
0.0
9.126374
1.4319277
0.35464805
0.1508142
1.5636734
0.7528034
2.0974011
0.947554
0.0
0.0
0.0
5.6575217
1.118715
0.01183884
1.8536196
0.32937092
0.016100757
0.047793567
0.3091639
0.0
0.060694676
1.5925114
0.0
0.0
3.8009586
0.0
0.069513045
0.0
0.5917658
0.0
0.07497981
0.006002961
0.48288754
8.1362095
3.5971456
0.008049532
0.3655986
0.0
0.030669922
7.180958
0.0
0.0
0.0
3.3310127
4.8236284
0.40245906
3.4132922
0.36531955
0.0
0.0
0.6656044
0.0
0.0
0.006818292
0.0012329281
3.960147
0.0
13.552636
1.703073
1.9377517
0.21415555
0.36536404
0.0
0.0
0.24389116
6.7894897
1.3190284
0.0054266113
0.08432686
2.3502421
0.0
12.569012
0.37673077
0.11106676
0.0
0.0
0.98715127
0.059644267
0.6572144
0.0
0.0
0.0
0.0
0.0
0.46335587
0.0
0.44861382
0.0
5.5015397
2.0002275
0.576764
0.8183678
0.46202466
0.7581851
1.3353928
2.3405
0.0
0.0
0.26009825
0.046862394
0.0
0.11484876
0.0
0.11921252
0.97523034
0.6028351
0.120603494
0.0
0.0
5.9550123
0.0
0.036997933
1.7976933
0.56373525
2.0685017
0.53990114
0.0
2.8313122
0.23963371
0.15044512
0.0010950833
2.2075822
1.9135625
0.0
1.377189
0.0
0.0
0.26809487
1.9578013
0.0
0.0
0.12845427
0.5134136
9.617936
0.0
3.6319783
2.3340018
2.0696857
0.11950381
0.4487888
0.3871667
0.012770684
0.25944784
0.15160884
3.3836324
0.10915842
1.1402053
0.70253253
0.0
0.0
0.1273628
0.0
0.0
0.44256622
0.0
2.191608
2.5894206
0.0
0.0
0.04892713
0.0
0.22542942
0.37232104
0.0
0.0
0.0
1.5630118
1.0852617
0.0
2.2682605
4.8103247
0.010773583
0.0014772489
6.955456
0.0
3.0827484
0.0
0.0
0.24061923
0.0
6.26493
0.0
0.8036461
0.0
0.0
0.22077167
3.7980113
3.7866566
0.052896217
0.0
0.71359617
4.8646736
2.8453937
0.5018274
0.031399246
2.4498038
2.7385821
0.0
0.0
0.5463522
0.0
1.5426558
0.0014741907
0.32462022
0.41717213
0.49508917
0.0
3.2038665
0.006557131
0.0
1.1105431
0.0
0.63019925
1.7831117
0.0
1.0975208
0.67925924
0.0
0.063744195
1.8039788
0.0
0.90662277
4.063381
0.0
0.0
0.97801226
0.02923835
0.0
1.0152037
5.411804
0.64996433
3.5951884
0.8984319
0.57304525
0.5264956
0.37776196
0.0
1.1292169
0.58854586
4.321663
0.40264255
1.7639766
0.0
0.18427804
2.3282177
1.0678068
0.0
0.0
0.0
3.9193516
1.0604705
1.789527
0.0
0.0
0.013993295
5.078792
0.0
0.0
5.5440483
0.0
0.0
0.16948883
0.0
0.0065865614
4.382444
0.8982269
0.0
0.08214404
0.0
0.0
0.024993207
5.3003645
0.0
0.101322085
0.46769437
0.41784316
0.442773
0.1681895
0.0
0.0
0.0
2.8836389
5.3420634
0.29594767
0.09084466
0.00028483965
0.12811936
3.6791904
7.185596
0.0
2.134653
1.1914554
