1.9118918
2.879694
0.0
0.0
0.0
0.0
1.5565073
0.008580351
0.0
0.0
0.0
0.035047498
0.0
0.059612624
0.16935545
0.0052006636
2.573862
0.009197005
0.0
0.008128847
2.1845164
0.38985685
0.0
0.0
0.0
1.4851345
0.40098393
0.0
0.00045582227
3.260049
0.0
0.0
0.012727236
0.0
0.0
0.0
0.0
0.004259686
0.14761573
0.12307214
1.3574965
0.0
0.014344695
0.0
0.0
0.027976012
0.00019331368
0.0
5.439091
3.9225655
0.45612758
0.0
0.0004231662
1.7735282
0.0
0.0
0.42061183
1.0574237
0.0
2.141748
0.744424
0.0
0.0
0.0
0.0
0.1786148
0.0
0.34601018
0.9179416
0.026042642
0.0
0.27077067
0.6103675
0.0
0.0
0.9905761
13.629009
3.193804
0.0
5.4759536
5.6086025
2.2861516
5.3867683
0.0
0.0
0.95296955
0.13991046
1.0881084
0.0
0.0
0.0
2.7026608
3.609204
1.1822283
2.4896498
2.8432992
0.0
0.0
0.0
0.0
0.0
0.08025122
0.0
0.0
6.172778
1.6023585
0.05268934
0.16288869
0.0
0.2231834
0.0
0.0
0.0
0.0
0.0
0.0
0.11157094
0.8619647
0.13924384
0.04580376
0.06543177
1.8412205
1.401803
0.04618347
1.9169
0.0
0.037662096
0.0
0.0
0.0
5.6099725
0.0
0.0
0.0
2.0512624
0.0
1.4067267
3.911243
0.0
8.455677
0.0
1.1658847
3.2529054
2.372887
7.726353
7.5872836
1.1679617
7.4013834
3.0633
0.0
0.0
0.0
0.0
0.0
0.0
1.0355119
0.0
0.028588654
0.05110763
0.04166015
3.1921415
0.0
1.4344311
0.0
0.07947134
0.0
1.0248982
6.460681
1.2446686
0.14124176
0.7523478
0.0028314225
0.0
0.02200279
0.5131577
0.06440869
1.5120568
0.058249503
0.46628645
0.0
0.48828992
0.0
1.1708302
0.006753941
1.1784531
0.18440647
0.0
2.6376467
11.049814
0.0
0.0
0.0
0.0
5.463906
0.0
0.0
0.80531466
6.263195
1.3036746
7.22798
0.0
0.0
0.26916364
0.009551875
0.0
4.573725
2.420252
1.2002903
0.0
0.15239759
0.0
0.0
0.0
0.0
1.9341604
0.4625603
0.0
0.033616543
0.0
4.9605193
1.8848836
1.4132806
3.2199426
4.7313013
0.0
0.0
0.74406314
0.030117964
0.0
0.020491272
2.5326054
0.0
0.6680524
0.0
0.0
0.0
0.8777803
0.103988275
7.2684655
0.0
2.2586622
6.597447
1.2540814
1.4684219
0.0
5.1550913
1.0756525
3.9722018
0.03457673
0.0
0.0
0.0065754335
0.28373274
0.30218562
5.2134247
0.0
0.0
0.27903423
0.0
0.3579913
0.10939184
7.4891853
0.016280778
0.0
0.0
0.0
1.1774007
0.82856184
0.0059314016
0.0
0.0
0.0
0.0
4.5690346
1.2395319
3.2169502
0.8142502
0.15826567
5.2203135
0.15919128
0.49794707
3.0601065
0.0941413
0.0
0.0020143061
0.9224279
2.323536
1.9388225
0.0
0.0021312723
0.0
0.0
5.039765
0.1537361
0.64171696
0.046807576
0.8220871
2.308085
0.21524346
1.5715312
0.0
0.6734764
0.35924914
0.0
4.1979876
1.0460076
0.0139568
0.4597162
0.02429279
3.5742154
3.4746203
0.14586036
0.07052874
0.0
0.0
0.14893593
0.0
7.934318
0.34034398
1.0138992
0.0
0.05681365
0.09659697
0.7297215
0.5618128
0.0
0.0
4.3238964
0.0
0.9656225
1.4773983
0.0
0.5116424
0.7772618
0.0
0.0
0.40184745
2.2437258
0.0
0.0
8.825371
1.7582444
0.0075029247
3.6739342
0.06721851
3.1421669
0.0
0.0
0.0
0.0
1.3877615
0.0
0.06747412
1.4121174
4.721593
0.10308437
0.005135264
0.0
0.0
0.0
0.0
0.0
0.0
8.558645
2.394874
0.3551093
0.13150768
0.0
0.0048228456
0.0
13.329455
0.017172465
0.44057047
0.13639498
0.9693077
0.0
0.0
1.7593011
1.078394
0.7106957
0.008124677
0.0
4.737345
1.2895962
0.0
0.0
0.0
1.625261
4.5885553
0.0
1.7255105
0.029542666
0.18181108
0.23785463
0.061046615
0.14893554
0.19840546
1.2263122
2.7116199
3.5180173
0.4371994
0.12712938
0.0
0.006023137
4.0127983
0.019050429
0.95508754
0.0
0.0
1.030162
0.0
1.1470351
0.0
0.75944036
0.0
0.08943475
0.0
0.13870661
0.0044494844
0.007855856
0.0
0.0067461682
1.3800304
0.1244614
0.053941485
0.0059629194
0.2086165
5.2257147
0.0
0.0
12.201345
0.0
0.0
0.07192366
3.3321126
0.0054055625
0.91127235
0.9724325
3.1549473
6.510287e-05
5.742521
6.0835664e-05
0.0
0.037907865
0.21235105
0.07754577
0.0
0.43426847
1.8367364
0.6047825
1.4631419
0.0
0.0
0.7150302
3.4055264
1.3924412
0.0072911805
7.202742
0.34464616
0.20796716
0.55163187
5.024044
0.41101784
0.0
0.042163383
0.0
0.113527395
0.0
0.0
0.0
1.2403917
0.20645267
0.9064908
1.9462757
0.41837135
0.0
0.846298
1.7680435
9.215951
0.0
0.0
0.09374015
0.0
0.0
0.26452437
0.0
0.22564915
0.0
0.30555278
2.1016645
10.83058
0.0
0.43144876
1.9937658
2.209059
9.627666
0.09714774
0.0
0.41041082
0.0
5.4364314
1.3389505
2.6154702
0.6017652
4.48857
2.8579037
5.5545797
0.2829555
2.1884434
0.2723539
0.0
0.019966705
0.11475694
0.6235723
0.0
0.0
0.0
1.2286505
0.25624266
1.0829649
0.08686066
0.65537447
0.0
0.0
0.0702208
0.009219588
0.62607896
0.05402953
0.0
0.0
0.0
0.0
0.06994166
0.0
0.20967092
4.477192
0.058420796
1.5016211
5.0653753
2.594579
0.0
0.0
0.0
0.0
2.312334
0.37692493
8.462462
0.58122396
0.0
2.8500855
0.0
0.0
0.016518744
1.7940083
0.0
0.0
0.0
0.08280867
0.61464506
1.7477565
4.545106
1.1849837
0.15880351
0.40196976
0.0
0.32158354
7.2853594
1.1640157
0.0
0.009556103
0.0
0.7480184
0.54649127
4.3672194
0.0
1.1760828
4.3376937
0.1575076
0.05140893
4.129832
1.8450937
0.0
0.0
0.0
0.07885276
1.7115437
0.80715156
2.1197555
0.0
0.0
0.22176272
0.010463837
2.0416238
0.022530276
0.84436774
1.0683259
0.0
0.0
0.012607626
1.4346088
0.0
0.005369279
0.9320127
0.1618819
0.0
0.0
0.0
0.019516662
0.0
0.0
0.0
0.06264325
5.472388
0.0
0.024186088
0.004435481
0.07620852
1.6059525
0.0
1.8529934
0.50003356
0.05257667
0.0
2.6045513
0.0
2.184811
0.0
0.027028536
1.0516224
0.0962603
6.996852
2.197443
2.418362
0.33426973
4.148615
0.0
0.082327515
3.85749
0.0
0.0
1.780696
0.0
0.0
0.0
1.8789139
0.024779733
3.0868044
3.8359392
0.0
2.426811
0.0
0.0
0.0013822172
0.8827433
1.4988165
5.610996
3.7727587
0.03337726
0.4614062
5.3120933
0.0
0.0
0.0
8.2395115
3.8104055
0.0
0.0
0.0
0.0
0.9764836
0.0
0.0
0.0
0.0
3.5731812
0.0
0.7484364
0.45629045
0.2257221
0.050178077
2.1323237
0.003303012
3.962194
2.2255256
0.06738374
5.5281143
0.0
0.34513247
2.1639304
1.5131543
4.1150904
0.8336806
3.342263
0.89703697
0.0
1.2422485
0.48949078
0.59169686
2.6283128
0.0
0.0
0.0
0.0
0.9144089
0.0
1.3838568
0.046497796
0.08969011
0.0
0.0
0.0
0.04187989
0.06391936
0.4699431
1.6334931
8.132402
1.3780457
1.8603241
1.8251221
2.2163632
2.0604963
3.1629863
3.7000232
0.48093238
0.0
0.0
0.002028993
0.32785636
0.0
0.14928517
0.25247437
0.0008760326
0.18207271
0.024730712
0.0
5.663941
0.0
0.0
0.22892322
0.0
1.4014425
0.0
0.59484565
0.1747584
0.011023455
0.0
0.16400939
4.717463
0.0
0.0
0.56815267
0.0
3.577728
3.7579787
2.0985038
3.0138283
0.69042695
1.349816
3.7458224
0.7073066
5.250702
0.18171163
1.1849148
0.0
0.0
0.0
0.0
0.0
2.5585837
0.0
0.22238272
0.13517387
1.285604
0.0
2.531669
2.4228265
0.0
1.5297322
0.0
0.0
4.433321
0.0
0.54703283
1.41588
0.0
0.43728036
0.0
0.03135443
0.033286825
3.6051674
0.0
0.11184327
1.5005295
1.0183856
0.0
0.0
1.0966666
0.47502062
0.0
0.49246344
0.23590945
0.08372414
2.5914326
0.0028087022
0.0
0.0035712523
4.73028
0.12950082
0.67830133
1.1135789
0.0
0.0
1.8039292
0.0
5.3397408
0.0
1.236769
0.0
0.0
5.4094586
0.0
2.9796522
0.0
0.1845131
1.1381346
0.13087304
0.012503683
0.0
6.1143456
3.8347857
0.089848384
1.8177085
6.470207
0.0
0.9276719
1.9733979
0.014292124
0.2651442
0.0
0.0
0.0
0.7224501
0.2513873
0.4618244
0.0
0.38330743
0.0
1.0745939
0.051727355
0.54084367
0.5063759
0.019006886
0.0
0.7645764
0.0
0.0
0.0
0.0
0.0
0.0
0.0
1.9953164
7.7081466
0.4042012
0.6917641
0.0
5.533675
0.12645313
1.4441833
0.0
0.003396482
0.5533953
1.1401494
0.0
0.035906717
0.5667134
0.0
0.0023877036
0.0
1.7016951
2.5582776
0.2837155
0.0
1.4043167
0.07381633
1.0524026
1.2635578
0.3301268
0.20595169
0.144487
0.0
0.0
0.0016623054
0.9391236
1.9918677
4.305449
0.0
2.8404582
1.3744627
5.39289
0.0
0.0
0.0
9.833047
0.13295312
0.17030728
0.17102897
0.48252186
0.0286337
1.0939875
0.0
0.18029319
0.0
0.0
0.54386604
3.0430672
0.54659444
0.35669097
2.241709
14.605102
0.11485706
8.511009
0.0
6.5360875
0.9863771
0.0
1.2620622
0.0
0.0
5.515983
0.0
0.0
3.5559487
0.0
0.5562722
0.073599115
2.7274802
0.015764419
0.0
0.0
2.82151
0.17335781
0.0
0.31938052
0.14298561
0.01887215
0.0
0.0
0.0
4.00017
0.0
0.0
2.3892422
1.780424
0.00069450843
0.0
11.1524725
0.0
2.124735
2.3023171
0.017109083
0.0
4.861541
0.86162126
2.2155094
0.0
2.066991
0.0
1.1862693
0.0
0.0
0.0
0.26152337
0.0
2.978702
0.9023516
0.0
1.4093765
0.09470268
4.0478387
0.55718166
3.3110576
0.0
2.1921654
0.0
0.75686884
0.0072046444
0.07485001
7.0064793
0.02351538
0.0
0.0
0.0
0.0
0.36736637
0.981775
0.9390696
0.8676184
0.03579539
0.23299663
0.0
2.9974632
0.0
0.0
0.0
0.5790655
1.4895035
1.034599
0.13757312
1.4500864
1.4297074
0.01869571
0.0
0.0
0.0
0.05946903
0.0
4.0069585
5.023697
0.14690964
0.0
0.6757158
0.7235545
1.0346234
0.017073562
0.655876
0.0
6.624682
0.0
0.042038187
0.56272364
2.0055666
1.2214565
7.0863934
0.011361234
0.9427025
0.999562
0.20531203
0.07319965
0.33624035
0.580976
4.476227
0.47322214
0.14580147
3.0032213
0.0
1.0790083
6.306408
0.034637373
0.0013061251
0.056678474
0.007307802
0.5513966
0.15212572
0.0
0.61434966
0.87821156
0.0
0.0
0.9891388
0.10647557
0.0
0.0
3.144158
1.4716836
0.0
0.27796236
0.77247673
0.15128884
4.089529
0.58816344
7.2453694
0.0
0.0
5.417647
0.0
4.4650993
1.3325963
0.11212352
0.63971454
3.1405785
0.9581822
0.17536403
0.042642206
0.0
0.0
0.004657006
0.22500437
0.010957463
0.030061955
0.24018626
0.013682433
0.0
7.512666
0.0
0.15611173
0.12113257
0.0
2.7315497
0.0
0.3372967
0.0
0.0
0.83651704
4.1250415
0.22577275
0.6390299
0.0
0.0
0.949227
0.0
12.057397
0.0
0.1307274
2.695127
0.0
0.07761102
0.0010547517
0.2518114
0.047681488
0.15911463
4.35349
0.6868546
0.0
0.0
0.0
0.16067766
0.11574339
4.157009
0.03455473
0.0
0.0
0.057027295
1.0500062
0.0
0.6976242
0.0039062547
0.0
0.015810274
0.1617001
0.59161955
0.0
0.0
0.06792966
0.108632766
1.4703878
0.0
0.05998096
0.0
0.0
0.0
6.444704
0.5193032
1.7276627
0.0
0.0
0.0
1.7681794
0.0
2.7077122
0.0790713
0.0
2.3410301
0.0
0.0
0.0
2.112675
1.3013914
0.0
0.0
0.0
1.3289622
0.051286962
0.017645672
2.571942
0.0
0.18372154
0.87428266
0.0
5.6458554
0.0
8.9797945
0.0
0.7499862
0.11192064
2.643982
0.0
0.05777143
0.0
8.481725
1.1198101
0.04596171
1.24466
2.4187336
0.0
0.0
0.10405603
0.0
0.0
0.0
3.6950653
0.0
0.0
0.0044060433
8.953523
0.0
0.030251428
0.07689548
0.0
4.7627273
0.79482955
0.0
6.7367435
0.0
0.0
0.028175587
0.058467433
4.26465
0.0
0.2171421
0.2013635
3.7292402
1.2303346
1.2642046
0.54797345
0.0
2.3997655
0.38278452
0.0
0.0
0.0
0.0
0.0
2.8971775
0.0
6.307457
0.0039509535
3.6575081
0.24486816
0.0
3.172504
2.653938
1.9448885
0.20295139
1.9742819
0.056672417
0.0
0.21350779
0.08803043
0.0
0.0
6.7101564
0.4436972
0.7013633
2.214737
2.340866
3.4392266
0.0
0.0
2.8052611
0.08799588
0.0
0.0
0.59196264
3.9268248
0.26834005
2.034632
0.48790762
4.5129905
0.0
0.0
0.97494787
0.0
0.7086922
0.0
0.0
0.0
0.0
0.14235216
0.0
0.0
4.5088077
0.0
0.0
0.0
0.0
0.12076839
4.1420507
3.8459198
0.0
7.9803443
0.05388698
1.2969928
0.88544303
0.0
0.0
11.284693
0.0
0.49881348
1.4632084
0.7769333
0.46851692
3.5451841
0.39408058
0.5595124
0.95129895
0.00676592
0.3056336
0.0053425613
0.0
0.0538873
1.2300768
1.9243093
0.0
0.0
0.010355351
0.35340998
0.022858936
0.0
0.0
0.0
0.17144413
0.0
0.7270416
0.19669893
0.0
0.2161532
0.62469584
0.0
0.42784765
0.060734432
0.0
3.7488308
2.808363
0.014184748
1.7021841
0.0
2.898838
0.0
0.0
0.95431983
0.0
0.0
0.0
0.0
4.604812
0.0
6.988948
0.7807943
1.0361874
7.7838526
0.40911165
0.62532115
0.14977603
4.839605
1.9004772
2.8738282
3.1306872
0.0
0.0
0.007112291
0.4431539
0.057481557
1.7195731
6.113871
0.018250236
0.7156247
0.0
0.0
0.0
0.0
0.46318012
0.08307281
0.7955004
0.0
2.5512235
0.09107819
0.0
4.832263
0.0
0.0
0.18843782
7.9662275
1.5962243
2.8352501
4.3515058
1.0663874
0.0
0.09441271
0.0
0.069358364
0.0
0.25107023
0.0
5.977563
0.0
3.7029512
0.7784584
0.0
0.12716015
5.165686
0.013062248
0.0
0.0
0.0
0.00041472912
0.34160194
1.0936035
0.0
0.0
1.1439805
0.0
0.73315245
0.0
4.4526334
0.0
0.09201063
0.0
0.4689138
0.0
0.0
6.4730883
1.5010784
0.0
0.0
0.0
3.6933086
0.24039379
3.3067875
3.5003765
0.026091814
0.057597976
0.0
0.09661887
0.0
0.0
0.0
0.117342785
1.3420478
0.5336876
0.0
0.002360524
5.0816517
6.1852922
0.0
0.27820107
0.0
1.9465532
2.1820066
0.615043
0.13701323
4.304868
0.0
0.38958788
0.1942725
0.10315135
0.37803966
0.0
0.064513005
3.8807793
0.0
0.86283374
1.0377656
1.4659367
1.8841497
1.8674461
0.89733005
0.4562711
1.0549684
0.0
1.844643
0.6990799
0.0
0.0
4.5599856
0.0
0.14988463
0.019188335
0.74262977
0.0
5.913809
0.22690544
1.1337086
2.14191
0.016760921
5.353536
0.0
0.0
0.0
0.043408804
2.6749516
0.15737149
0.022290105
0.0
3.3225522
0.026002845
0.0
0.0
0.0
0.14504619
0.28787628
2.0241187
0.0
5.2969937
0.0
0.0
0.7315392
0.0
0.30505902
0.0
0.22161332
5.1806326
2.306961
2.6660118
0.65696025
0.0
1.7123768
0.0
0.0
0.07758301
5.770489
0.0
0.07811589
1.0327922
0.0
0.0
0.13875638
5.4482803
1.8400999
0.024075119
0.0
0.57771295
0.43982223
0.26150173
0.0
0.0
2.3334026
0.0
1.7408363
0.0
0.0
2.0059552
0.0
0.0
0.8915849
0.26218522
3.1365445
0.0
0.0
0.7232283
0.0
0.24192236
0.21601965
9.980131
2.899435
0.0
3.6261618
0.1740654
4.2877455
0.5463566
7.7888556
3.338682
0.0
0.23974706
1.5751262
0.0
6.7856226
0.9726087
0.032711476
1.1917453
0.111737795
0.0940513
1.2443744
2.2174194
0.02233221
5.275151
0.0
0.0
0.0
0.0
0.05518662
0.0
0.0
6.9371305
1.3968608
1.1303833
1.3773692
0.0045221336
0.0
0.0
0.0
4.495978
3.5072706
6.5230627
0.0063065025
4.5372868
0.0
0.0
0.0
0.0
0.7661137
0.0
0.0
4.7926636
0.0
0.0
2.228446
1.0122002
0.26034704
0.0
0.0
0.0
0.0
0.65365756
0.08320539
0.33340758
1.7637168
0.0
0.17180902
0.003269215
0.0
0.24771716
0.92835176
0.21699288
0.3123316
2.5232642
0.0052465564
0.0
0.9850211
0.5265919
0.8870826
0.0
0.0
0.32492405
1.8362354
0.0
0.00677353
0.06918186
0.00032441228
0.111927636
0.49384663
0.0
0.0
0.0
0.0
0.16865665
1.8945336
5.087475
2.7217019
0.0
0.07052108
0.0
0.526332
0.42120296
0.0
0.10852862
0.0
4.036932
4.132217
0.5071924
0.0
0.0
0.08381296
0.0
0.0
1.3383079
0.0
1.1104738
0.029903485
0.07104657
0.15697813
0.067519225
2.7034874
0.0
4.6610007
8.377237
5.648802
0.0
0.0
1.998195
0.0
0.24880306
0.7680679
0.0021586905
0.45682272
0.12083569
4.3464713
0.021620017
1.3002981
1.0384115
0.34187478
0.0
0.0
0.0
0.0
0.0
0.0
0.013295198
0.0
0.0
0.0
0.00075719063
1.3564111
0.0
5.4500203
0.38868353
2.215187
0.5097377
4.047709
5.713106
0.0
2.3986416
0.013487775
0.0034258268
2.6976755
2.4987597
0.0
0.90414435
0.0
0.21674539
0.0
5.981445
0.04191597
0.2590454
0.0016012848
1.6129944
0.019963676
0.77943975
0.0
0.0680371
1.0650113
2.9841473
1.02614
1.3108821
1.6406943
0.032286793
0.24053887
0.005176082
0.02286124
0.0675662
0.0
0.0067692534
1.7478521
3.4577556
4.6225476
6.083929
0.8109738
0.0
0.34819296
0.01818138
3.6654742
0.46926412
0.46774665
1.9762974
0.0
0.08727644
6.9313726
0.0
1.0125116
0.37462163
0.004391612
0.10112288
0.56279165
0.0
0.0
0.0
0.0
1.0932926
1.4593592
0.0
0.7024849
0.390129
0.04787971
0.0
0.1983172
0.0
0.0
4.8452992
0.3845499
0.0
0.0
0.02262271
1.9145186
0.0
0.3650042
0.0
0.24241392
0.0
0.25240487
4.7289724
3.854784
1.2575433
0.33018592
0.0
0.060260728
4.2045302
0.0
0.23609287
0.0
1.4181151
2.9366112
0.45474672
7.72178
0.33586198
0.03018424
0.03401347
6.4894147
0.0
0.0
0.0
0.46178553
4.8894787
0.031227438
4.3047924
2.0789542
2.8830237
0.0
0.75959426
0.0
0.025645757
0.13718596
5.756152
0.28057668
0.0
0.08387172
0.6250973
0.0
8.175087
0.0
0.0
0.0
0.0
0.0
0.7774223
6.657766
0.0
0.0
0.0
0.03678405
0.0
1.6790378
0.0
0.8073054
0.0
8.478978
2.9611726
1.5350496
0.23777434
0.18410264
2.731384
0.0
0.0
0.0
0.0
1.017785
0.0
0.2059316
0.0
0.0
0.04583454
0.031871527
5.0558577
0.034018815
0.0
0.0
6.220585
0.0
0.010716071
0.20991565
0.89494777
2.6224906
0.3802439
0.0
0.4340747
1.5912764
0.0
0.34889323
3.3730462
0.7736064
0.0
1.3899195
0.0
0.0
0.24319911
1.2435632
0.0
0.0
0.23016849
0.5996467
12.678515
0.0
11.735893
2.869576
3.5377567
0.28134108
0.0
0.0
0.0
0.15423356
0.612607
1.8048613
0.2916029
3.5778146
0.47207782
0.11763156
0.0
0.040452387
0.0
0.0
0.05863721
2.2228787
1.1141098
2.9207609
0.01619876
0.0
0.0
0.0
0.9518937
2.4286962
0.17591338
0.0
0.0
0.052417472
0.0
0.0
0.26892582
1.6834646
0.0
0.0
0.4094999
0.0
0.15234634
0.0
0.057994753
3.8257048
0.0
3.507036
0.28482634
0.0
0.06305793
0.0
0.1420084
0.114990115
1.5159651
0.0
0.0
0.17721343
4.299755
3.4906018
0.5911054
0.019405855
1.9163733
0.18950368
0.0
0.0050746934
2.7786527
0.0
0.0
0.0
0.15111439
0.53423434
0.53677094
0.0025068717
3.650222
0.0
0.0
1.8192941
0.0
0.07245418
0.0
0.0
0.78640395
1.0038637
0.047087077
0.0
0.12740771
0.0
0.010514339
0.49318242
0.0
0.0
0.28959942
1.6691332
0.0
2.702703
0.0
0.10097778
0.0
0.6012772
0.19493665
0.0
0.87951195
0.06261331
0.32679927
2.412927
0.65240943
0.020640349
1.1330214
0.0
0.0
0.7466834
2.5852354
0.0
0.0
0.0
1.711324
0.0
1.381632
0.0
0.0
0.0
2.4688203
0.8253008
0.0
2.847839
3.0154386
0.0
0.0
0.0
0.0
8.002432
0.67905813
0.14065704
0.0
0.0
0.0
1.0706925
0.73460954
0.0
0.025708638
0.016476044
0.00068950164
2.1463625
0.044755187
0.0
0.0
0.0
3.3450189
3.4334714
0.04577985
0.70595264
0.0
1.9762914
3.7328386
5.7489367
0.03183058
0.0
4.9313145
