2.0632393
4.861371
0.0
0.35538894
0.06689935
0.12792324
0.49064812
0.024611697
0.0021562795
0.0
0.0
0.43139288
0.024858395
0.30249226
0.0
0.29215455
1.0505991
0.087759584
5.157229
0.0
0.0
0.5871569
0.019795349
0.0
0.058895323
0.0
3.778933
0.0
3.36944
4.45422
0.024564475
0.0
0.24599245
0.0
0.0
0.0
0.08448201
0.013927516
0.0
0.06589129
0.5832935
0.0
3.4474216
0.0
0.007912043
0.0
0.064362
0.4155515
0.21187009
0.38498953
1.8288742
0.0
0.5684551
1.4161712
0.0
0.04691491
0.0
8.016343
0.0
0.27642292
0.0
0.0
1.8122818
0.0
0.09204382
0.0
0.0
1.402949
1.3891915
0.55323374
0.0
0.814122
0.15026028
0.0
0.0
1.8810042
10.57769
0.56734157
3.5563698
2.3325741
7.6427994
7.110363
0.6437673
0.06140036
0.0069956244
3.6695933
0.0
0.0
0.0028006835
0.0
0.0
2.4698002
0.36961508
0.43423232
16.804274
1.1234392
0.0
0.60260135
0.0
0.0
0.65876126
0.022502258
2.6115873
0.0
3.8500888
0.5823682
2.14711
0.11510214
0.0
0.37633452
0.0
0.045727827
0.0
0.0
0.0
0.0
0.08004609
4.378113
0.8348167
0.0011903436
0.40977782
0.052101348
0.053631723
2.4806566
0.0
0.0
0.0
0.0
0.0
0.0
0.027951565
0.0
0.0
0.0
1.722256
1.6120151
0.37735623
1.3577546
3.6870148
1.1489217
0.0
3.585445
0.7903521
0.12795505
1.5090226
7.1655817
0.0
5.345259
1.1353936
0.00028978076
0.0
0.4394145
0.03764509
0.0
2.8086236
0.7553181
0.0
0.0
0.043898005
0.0
0.0
0.0
4.556525
0.0
1.1180102
0.0
0.0
1.4127438
0.0071153543
0.0
0.0
0.0
0.0
0.0
0.0
1.2612151
7.398226
0.19850548
1.6498485
0.0
0.4074861
0.0
1.379067
1.3004286
0.0
8.014073
0.0
2.5289106
3.4988005
0.0
0.0
0.0
2.0530195
1.9118793
0.08194348
0.0
0.0
8.858373
0.0
6.4986057
0.0
0.61210966
0.0
0.0
0.0
1.1326069
0.0
0.9963018
0.2453256
0.031323068
0.03424423
0.46998328
0.0
2.851454
0.045839943
0.00308899
0.0
0.21840562
0.0
12.148848
3.5680315
0.0
0.75247604
9.656377
0.027030867
1.2901912
0.0
2.1932023
0.0062582977
0.0
0.38267335
0.0
2.036682
0.0
0.0
0.04596812
1.5587014
1.8963242
2.2968876
0.35218343
0.016398907
1.9890524
0.0
0.0
0.14665204
1.0793158
0.94035894
4.9531355
2.3872101
0.23258209
0.0
0.0
3.9418185
0.0
0.22806416
0.0
1.8632684
5.6023574
0.16390838
0.0
0.6916455
5.5376472
0.41735432
0.27742648
0.26008323
7.1594625
0.05675736
0.0072760945
4.3334885
0.0
0.0
0.7284056
0.0
6.2573857
0.0
0.0
0.0
0.29163745
8.125842
0.36376646
0.26386482
0.120305315
0.0
0.0
0.0
0.0
1.631874
1.6741635
1.2684541
0.16196395
0.0
0.0
0.86788833
0.0
4.6576624
0.0
0.2554744
2.1833787
0.0
3.5627687
0.0
6.701205
3.6487637
1.0465125
2.768928
0.0
0.115500726
0.0
1.0038707
0.0
2.364071
0.33359388
0.0
0.96462536
0.0
2.4340703
0.0
0.8722942
5.981077
0.0
2.2607834
1.7447306
4.6406956
0.0
0.31442657
0.023766618
0.0
0.71870273
0.0
2.8653693
0.014760431
0.0
0.037756674
0.6245661
0.14330412
0.16703968
0.0
0.0
0.0
0.0
2.9714568
0.03030865
0.5748388
4.3469768
0.0
0.0058916686
1.5721712
0.58885777
0.0
0.0
0.6949636
0.0
0.38081855
1.7621853
0.2627856
0.0
0.0
0.0036910432
0.0
0.0
0.0
3.2118711
0.0
14.018023
0.6491931
0.009151972
0.0
0.0
0.0
0.56282914
0.5109322
0.0
0.019692605
0.0
0.9008359
1.414982
0.0
0.0
4.0643797
3.341723
0.15662962
0.08011026
0.096868366
0.0
0.0
0.0
0.87949497
0.0
0.862327
0.0
0.4718098
0.0
4.167372
1.3036819
0.0
1.5396757
0.0
1.1051201
0.12299
0.0
4.0277452
0.0
0.0
0.049557816
0.07893492
0.0
0.0
0.0
0.0039101937
1.7882793
1.1592833
2.7846057
0.9514872
0.0
2.6839774
0.0
2.8710477
6.533735
3.4549198
0.72060215
0.11066345
0.0
0.7929273
0.0
1.2572379
0.34998643
0.044734575
5.748059
0.0
1.4041206
8.399564
0.0
0.0
0.46575162
0.2775635
1.7361186
0.0
0.0
0.0
3.057848
0.0
3.2790272
0.09256578
3.3637094
0.0
0.41030058
0.70373297
0.15034217
0.0
1.4967419
1.6569697
0.16929962
0.22142613
1.4581892
1.1869688
0.0
0.0
4.0458307
0.0
0.0050714063
0.0
7.8632708
0.0
0.0019353507
0.0
0.58389497
0.4770246
0.0019657442
0.0
0.0
5.151702
0.49655652
0.028378103
3.7103944
0.0
0.0
0.0
1.0004785
0.6630826
0.0
0.040118683
0.0
0.70996594
0.0
0.0
2.0681999
0.008693102
0.0058582313
0.5191916
0.0
10.099211
0.002995087
0.42926767
0.33360213
2.1661038
11.108123
1.2715387
0.0
0.0
0.051217414
0.0
1.139747
0.45939937
0.0
5.6801753
3.7177157
2.6559856
6.582905
0.66170955
0.98244196
0.0
0.04309118
0.0
0.0
0.0
1.4758477
0.0
0.0
0.6948155
0.12219576
0.042574055
0.50515234
0.27221188
0.87867314
0.023267858
2.5942838
1.8115792
0.00785365
0.0
0.0
3.0254388
0.0014915807
1.9806037
0.0
0.0
0.0
2.2703931
0.75714386
0.0
0.006448352
0.0026169529
0.25214523
2.7919157
0.0
2.8077512
0.0
0.5234027
0.0
0.0
0.1902652
0.08307124
0.0
0.0
1.2372756
0.67844653
0.0035936346
4.2577243
0.0
0.014991376
0.0
0.514516
0.76779866
1.8119948
0.006680693
0.0
0.30297074
1.1853833
0.19753253
0.0
0.0
1.7205292
0.16676413
0.0
8.42359
0.016101496
2.2345512
3.2754326
0.5512063
0.0
0.0
0.5387181
0.0
3.259094
0.005487374
0.0
0.37729475
0.80177814
1.0882851
0.31852508
1.139102
0.0
0.0
0.032206714
0.0
0.0
0.0
0.0
0.015763817
0.0
0.0
3.6270113
0.0
0.09166537
0.053407125
0.097446404
0.011947798
2.0359628
0.24615169
7.030442
0.0
0.08547503
0.14576231
4.568971
0.0
0.23010847
0.075813904
0.012891045
6.7843533
2.3355818
0.0
0.07063758
0.0
0.0
0.961051
0.16903172
1.4805517
0.69397664
5.1496534
0.57302237
0.0
10.26278
3.0767078
0.24932386
0.37717468
0.0
3.9178982
1.6000713
0.016884433
0.0
0.0
1.2883676
0.0
0.067737386
1.8873773
0.0
0.019019127
0.49870577
0.8328705
0.15725863
0.0023704353
2.0628307
0.0
2.8501701
0.95948076
3.5649686
2.4893532
0.008832345
0.0010090555
0.0
0.2706211
0.19430706
0.034250412
0.0
7.832801
0.5474658
0.0
0.044886865
1.8939708
0.0
1.4465226
0.0
0.12025626
0.0
0.15606405
0.0
0.13644645
0.0
0.0
0.0
0.0
0.6133134
0.0
0.12904146
0.23186113
2.6808267
7.74634
0.0
0.0
0.07929657
0.11434094
0.018877175
0.0
0.090829045
0.43814915
0.9054021
0.0
0.12120458
0.0
4.0817266
0.0
0.100619264
6.764581
0.0
3.5794728
0.0
7.026581
0.030327145
1.6591704
4.5413113
0.18364319
0.020450221
0.10309799
0.0
0.0
1.2867193
4.7392797
1.1577042
2.5160031
0.0125697
0.0
0.1861072
0.329333
0.0
0.0
0.0
0.0
0.063333124
0.0
0.36315972
1.0263011
0.88760597
0.0
5.5086675
0.5977419
0.18037312
0.07503743
0.0
0.84049207
0.0
0.14291002
0.0
0.00033366194
0.0
1.011142
0.020746408
1.9164841
2.0690563
1.0434576
0.0
0.0
4.566851
0.0
0.0
3.421513
8.903118
0.0
0.027343974
0.32933173
0.015402785
0.6043497
0.8937315
0.18641803
0.0
0.6642986
0.0
0.0
0.021394385
0.0
7.692545
0.0
0.53583866
0.0
5.426105
0.4036409
8.702645
5.6050663
0.0
7.1541557
2.0063264
0.028751666
11.467891
0.0
0.074885175
2.2911227
0.0
10.044091
0.0
0.39517203
0.0
4.079058
0.6755789
0.0
1.0950656
1.4469924
0.0
0.0111405
2.0152645
0.0
0.038319755
2.8205945
0.09742153
0.0
1.2179426
1.8881841
0.0
0.0
2.4812214
2.8582857
0.0
0.1286135
0.0
0.5858858
1.6275965
0.0
0.0
0.35229945
5.549557
0.13801624
0.5920102
0.0
0.22158714
0.0
0.8409101
2.198966
2.5397372
0.30974254
1.3613898
0.22882377
14.000944
0.058455944
0.2019558
0.0
10.056908
0.025146002
0.0
5.5329447
0.14007677
3.452471
2.4022095
0.0
0.0
0.0
0.08872128
4.2220097
0.0
6.626206
0.0
0.9460366
2.4621446
0.0
6.611274
1.2647898
0.0
0.0
0.1026246
0.0
0.04667956
0.0
0.0
0.0
3.0351784
0.21021222
3.723512
3.5795434
2.0392418
0.0
2.912751
0.0
0.26534256
0.0070080613
0.0
0.019095587
1.1543899
0.0
0.27472025
3.4784517
0.0
2.2751634
0.0
4.3154025
0.3953781
3.0651364
1.9174328
0.0
1.0466298
0.0
0.0
0.0
0.9573393
1.7476104
0.0
0.0
0.12084735
0.09384562
13.467293
9.758685
1.2019807
2.5615122
0.6801467
0.0
0.004152894
0.0
0.0
0.08414376
0.018850435
0.0
3.3839576
0.0
1.9507507
0.0
0.0
1.1425438
0.006455465
0.82154787
0.0
1.577507
2.4254234
0.18466258
5.3079495
4.992017
0.013067312
15.026787
4.9561024
0.93130636
0.0
1.400171
5.5383406
3.1845622
0.046558447
2.98172
0.0
0.13287584
3.555718
0.0
0.030117916
0.0
2.009329
0.015284538
0.0
0.0
10.509657
0.0
0.34064952
0.0
0.8871236
0.20077737
0.6354098
3.2168338
0.0
1.535175
1.5911124
0.0
0.0
0.2295669
0.95515233
0.0
0.09242601
0.0
0.49254256
2.6773176
0.0
0.015146397
0.14756797
0.0
0.09417943
0.0032652763
0.15374926
0.0
0.04979334
0.0
1.2500771
0.0
0.0
0.065151855
4.5692663
0.12371563
0.34581083
0.39781517
0.0
2.0592322
0.0
8.756401
0.0
0.0
1.0837646
1.5259506
0.0074233375
1.6879642
5.7848873
0.0
0.0
0.0
0.0
0.0
0.1287611
0.019735541
4.4039946
0.37322095
3.23681
0.13655639
2.6474307
0.0
2.5587628
0.17832059
0.28718996
3.7082872
2.8148792
2.3800461
0.4576223
0.046519775
0.7644774
0.23818724
0.0
2.2604785
0.0
8.324645
1.3750747
4.874085
4.089935
0.7751467
0.39835623
0.21698123
0.0
0.0
0.0
0.0
0.0
0.013207022
0.0
0.9666782
0.013640224
0.31907296
0.0
4.9692497
6.041715
0.02878881
0.0
1.861829
1.5857227
0.47018778
4.2332335
1.895674
0.0
0.39273545
2.2451704
0.0
0.0
6.746296
0.002455159
0.01217087
0.0
0.0
0.0
4.374919
0.14487812
0.10789698
0.008616457
0.0
0.0
0.0
1.0238153
0.859446
0.0
0.0
1.7369785
1.3820674
2.456216
0.0
0.0
0.7917598
0.021908475
9.461664
0.0
5.6760483
1.1459128
0.0
0.2780711
0.17262802
0.85344154
0.0
0.39425737
2.4430532
0.97160804
0.40038264
0.04394143
0.0
0.0
0.9214064
0.3440772
0.0
0.35746267
0.021229161
0.0
1.5714564
0.16607401
0.24023171
0.18227209
0.36715433
1.0749767
0.0
0.06601444
1.5890929
0.7238671
0.1469596
1.1547222
3.2935734
0.0
0.017066306
0.0
0.0
0.022776263
5.7564554
0.8749845
0.005748379
4.5825634
0.0
0.0
4.5786057
0.0
1.501099
0.020744616
0.0
5.7318645
0.0
0.027542502
1.1423241
0.0
0.061749827
6.6962876
1.2168182
2.4471476
4.0886374
0.081772305
0.06559381
0.0
0.86534345
0.0
0.0
0.0
5.1838646
0.2295175
0.0
0.028677171
0.0
0.3062474
0.21082282
4.60723
0.0
5.7645683
0.0
0.0
0.0
1.7973485
2.4914703
0.011467719
0.0
0.0
1.7748293
0.9787002
11.837622
0.33563203
0.0
0.0
0.0
0.0
0.0
0.0
2.9314117
0.0
0.0
0.94371307
0.0
2.1759021
0.0
1.2497902
0.0
0.0
0.0
0.0
7.3993716
0.0
0.56493235
1.1313218
0.5602176
0.009690156
0.66465336
4.2834854
0.028763846
0.0
0.3421463
0.014093535
0.11241039
8.035131
2.9977133
0.3227623
0.04248182
2.5986612
0.0
0.30447617
0.0
0.0
0.0
0.015306123
0.0
2.9437819
0.0
0.0
4.5899034
0.0
5.399064
0.5798044
0.0
2.384685
0.0
0.013831299
2.8044593
0.0
1.6582892
0.004860715
0.08473434
0.41373596
1.2852443
2.8019114
5.2782207
0.49869
0.0
0.67397875
0.0
0.0
0.0
0.0
0.0
0.0
0.08496574
0.0
5.112577
0.008270279
0.23134479
3.6545525
0.0
0.43145522
7.920828
0.025449945
0.70478433
1.7300329
0.0
0.0
0.0
0.0
0.0
0.0
3.5848093
1.6139754
1.7559457
1.5066732
0.0
5.1112046
0.3812494
0.51441777
0.3362675
0.97600955
0.0
0.41251022
2.3766909
9.224228
0.0
6.0288005
0.0019659558
0.50593585
0.0
0.0033013772
5.316907
0.632454
0.39060462
0.031099245
0.09462392
0.0
0.046650857
0.0
1.1422546
0.0
0.2876416
2.0155027
0.0
1.1815772
0.0
3.3060372
0.07888891
0.29053053
0.0
5.4533067
0.10319949
0.06528746
0.0
0.0
0.15507048
0.4020242
0.0
0.0006136189
2.390124
0.0
1.5151606
0.91372204
0.0
0.2114879
0.1554065
0.2665164
0.1185915
0.0
0.08601393
0.06938283
0.8032891
0.007111686
0.52669066
0.0016966839
0.0
0.0
0.18063104
0.25959674
0.0
0.7947057
0.37790397
0.057426766
0.0
4.536521
5.546686
0.0
3.779324
0.0
1.3639243
0.53228694
0.005048601
3.122629
4.279044
2.6406498
0.0
0.0
1.9810537
0.0
0.0
0.0
0.0
0.0
0.4601044
0.0
0.17803116
2.1108348
6.443312
0.04671025
0.0
0.89612633
0.0
5.3916664
1.9095974
0.2225899
0.0
7.221681
0.2571482
3.6469445
1.1871016
0.8885213
0.6972534
1.8779668
0.0
4.4921546
1.707642
4.145714
0.0
0.0
0.0
0.0024797868
0.14890726
0.15409723
0.020715227
1.7409511
13.44003
0.5491377
0.12301444
5.1592464
0.0
0.0
4.9054
1.508252
0.41040748
0.0
0.0
0.020410197
0.0
0.18546908
0.0
2.1928902
3.2551053
0.8784778
0.0
6.7121987
0.0
4.158148
1.790068
0.0
0.054659065
0.0
0.107946746
0.005966615
4.1674085
0.0
5.1903224
0.0
5.7351456
0.5584494
0.0
0.18724677
0.10163799
0.24727874
0.0
0.0
2.3591242
0.0
0.0161481
0.37418362
0.0
0.0013706586
0.07464447
0.061817043
0.4092803
1.730108
0.0
2.1017854
0.063647114
7.4564196e-05
7.2031775
0.0028281747
0.033829466
0.008297478
0.16638541
0.06521704
0.29191282
0.013445115
3.0058837
0.0
0.0
0.03670861
0.06007253
0.39337668
8.22167
0.0
0.8402669
0.0
0.92663187
0.0
0.0
0.96749645
0.0
0.6737432
0.20174365
0.36965793
0.0
0.004251259
2.368512
3.0639637
0.0
0.0
0.0
0.09927098
3.6018627
0.25404143
0.51434475
0.0
0.0
0.7043712
0.03181828
0.14698927
0.65603083
0.0
0.0
0.37704635
0.0
0.02174266
0.0
0.0027365976
0.26489368
1.4901681
0.06459249
1.079014
0.0
0.0
7.272127
0.042626455
0.0
0.066478655
0.005989454
0.0
0.0
0.033822313
0.0
0.2213844
0.0
0.01933111
4.385233
0.061978113
0.0
0.0
0.008262265
0.23133183
6.5229225
0.0
0.0
2.5003781
0.34988233
0.0
0.0
0.0
10.036744
1.5376687
1.5333742
4.8431144
0.0
2.6656435
0.0
2.6905007
0.0
0.0
0.0
1.8966066
4.356258
0.0
0.0
1.0549661
0.26495728
0.06491356
0.0
0.2013231
0.0
5.638924
3.9127748
0.0
1.2611387
0.0
0.0
0.0
0.0
0.0
3.8245382
0.6713648
1.2600902
0.20912525
0.0151823005
0.0
0.0022245864
0.0
0.0014707482
0.0
0.0
0.0
5.4143333
0.039316006
0.00023614021
0.051719412
0.7251127
0.90051377
0.0
5.0851626
5.1914306
0.094681635
9.045434
0.41943765
0.6724538
4.111004
10.599157
0.0
0.08926566
0.001042113
0.0
0.0
0.0
0.01158117
6.350517
0.0
1.394138
1.3492366
2.5042784
0.0
0.0
2.3543878
5.095851
0.0
7.430046
0.0
0.65805846
0.0
0.30159724
1.0147406
5.920978
5.8577533
6.7775736
0.020093724
8.058693
0.0
1.0371085
0.0
0.0
0.22641021
0.0
0.006654889
0.0
0.0
0.008345589
5.886474
0.0
1.1338423
0.0
0.8734594
0.1252028
0.0
1.1954274
0.0
1.7503284
3.3787985
0.0
2.0887794
0.0
0.5982543
0.051324733
0.0
0.13954759
0.0968757
0.4254419
0.05876407
0.0
0.025206892
0.014231528
0.19795947
0.6844086
0.0
0.0
9.305529
0.0
1.1169946
0.0
3.8845692
0.0
1.7777445
0.0
0.05204832
0.16862677
0.0
0.013078984
0.3772566
4.1273527
0.0
0.010895768
0.019250223
0.0
0.36126173
0.29872122
0.0
0.0
1.818469
1.6322813
10.704915
2.892002
0.27585587
0.0
7.461591
1.3999507
0.0
10.303031
0.0
0.0
4.374916
0.55154437
0.7535039
1.887914
0.0
0.0
5.3724594
2.9982362
5.472089
0.0
0.0
0.0
0.0
0.019569192
1.0230793
0.08237769
0.0
2.6917663
5.595726
0.0
1.2735757
0.06071755
0.0
0.0
0.0
0.0
0.0
5.7936964
0.0
0.0
0.0
0.113343135
0.0
0.45901325
0.31076372
0.0
4.988351
0.0
5.430924
0.0057475544
3.3384864
0.07018077
0.205726
2.759537
0.6350867
0.49007252
0.57112867
1.0772572
0.0
0.044430196
3.2311146
2.531386
1.8514969
8.164562
0.18898937
0.79911214
2.034644
0.38441125
0.17670777
2.2319193
0.004141462
0.473244
0.05063092
3.0963857
1.1779891
0.0
4.0424056
0.0
5.0380635
0.0
0.0
0.0
5.3577194
1.4105849
2.932511
0.16464521
0.37727612
0.31998459
6.717891
3.1987882
0.0
3.3793898
0.90147626
0.5737991
2.4458911
0.03267565
1.237369
0.004640966
6.1464944
0.0
0.020629065
0.31665114
0.24845602
0.41807568
1.2026945
0.0384592
0.0
0.0
0.0
6.4946947
0.02638234
0.0
5.718211
0.0
1.4089695
0.0
2.4953957
0.0
1.3152457
3.8468657
0.0
0.0
0.0
0.20219025
0.0
2.2496462
0.08036592
0.0
0.0
0.0
0.0
0.5621304
10.050462
0.0700712
3.4764445
0.0
1.486519
1.2297012
0.0
0.4636856
0.0
1.0251696
0.0
0.57232606
0.95606136
1.0608758
4.2474694
8.171896
3.103918
0.0
0.0
0.33182576
0.006901145
1.4969875
0.0
2.9098234
3.2324004
0.0
0.012803618
7.1484623
0.30223745
0.19357197
0.0
8.191857
2.4705942
3.0115974
0.8261993
3.8408427
0.0
11.015007
0.7876603
0.0
0.19847055
0.0
0.93670803
0.014788404
6.5532637
0.034126032
0.0
0.0
0.0
0.0
12.521559
0.0
2.6682422
0.0
2.6613913
0.92644316
0.23403187
0.0
0.17167081
2.802079
0.6154742
3.785782
0.0
0.48953745
0.0
0.0
0.48094088
0.041287586
0.03960709
0.0
0.09959437
3.7255716
0.06669261
0.0
0.0
0.8411408
0.0
0.15650298
1.4844797
2.3839664
0.08283367
0.0318298
0.0
2.9042687
0.3459785
0.0
0.0
0.77529144
1.4204578
5.104175
0.0
0.0
0.0
7.976458
1.2480214
0.58377886
0.0
0.0
0.0
6.5158057
0.0
2.1222684
0.10532897
0.017588912
1.1644243
0.52121997
0.52758795
0.024878604
0.054519903
0.0
0.62855524
0.50151354
0.0
0.016126262
0.0
0.0
4.2616997
0.0
3.753535
2.9528294
0.0
0.0
3.1008618
0.0
0.02171614
3.381799
0.012940757
1.560997
0.5181955
4.738409
0.0
0.0
4.942324
1.6216841
0.008303985
1.5473441
0.04565608
0.0
0.74970466
5.6397424
0.0
4.4401455
0.0
0.0
0.31197402
0.0
3.5232887
0.011523494
0.010501258
0.0
0.0
0.46619517
6.5119605
0.103514746
0.0
6.10236
2.1397266
0.0
2.0652387
1.218819
0.12289378
0.017438425
0.0
0.0
0.0
2.7423139
0.0
3.8095407
0.20089471
0.008419017
1.3683981
0.0
4.086229
0.15673426
0.30971187
0.16937588
0.5919199
0.13011743
0.0
0.0
0.0
0.39441562
2.3434272
0.0
0.01203535
1.597198
0.0
2.5817845
5.861299
0.0
0.0
5.8387914
0.0
0.006407976
0.004451938
0.0
0.09906109
0.0
0.0
0.1181474
2.1349607
4.665209
0.0
0.0
0.0
4.1070247
0.22218603
3.430192
1.3162347
0.0
3.3036919
0.20026149
0.11217409
0.0
0.0
7.185811
3.0133085
1.4400549
0.5408106
0.0
0.16256988
0.24769822
0.023566565
0.0
1.4623003
0.7482631
0.0
0.61087185
0.28227454
0.0
0.0
0.5017723
0.25556818
0.0
0.0
0.19288704
0.97090536
3.2203329
0.0
0.0
0.0
0.022029493
0.032630302
0.70262444
0.36384788
0.0
0.0
2.2833166
1.073388
0.17236139
0.06926133
0.0
0.0
1.2104763
6.162887
0.22294049
0.0
0.0
