1.5724351
4.266571
0.0
0.02678733
0.0
0.014649352
2.9812672
0.0
0.018434461
0.0
0.0
0.36236742
0.0
0.0
0.010528317
0.058021102
1.3396177
0.0
0.1305408
0.2571262
0.19820246
0.9147248
0.008433342
0.0
8.470544
0.2942639
5.6102037
0.0
0.0
3.453185
0.2959337
0.0
0.0
0.123802304
0.0
0.0
0.0
0.0
0.0
0.9384864
2.2449749
0.00029809863
3.4915621
0.0
0.0
0.05920599
2.5237434
0.42033044
12.500674
4.0468225
0.0
0.0
0.0
0.538411
0.9673619
0.0
0.73992103
0.0
0.13756776
0.17028302
0.42145815
0.0
0.01619897
0.0
0.76693094
1.0856657
0.0
1.285112
0.07800189
0.06972323
0.0060270005
6.659749
0.0
0.0
0.0
3.7054424
7.3926535
0.40030628
0.0
3.8218665
0.109386645
6.2841225
2.356262
0.0
0.0
0.092392825
0.0
0.025393398
1.442862
0.0
0.0
3.1677299
6.3849807
2.618647
8.500593
0.4351069
1.2323408
0.45168114
0.0
0.0
0.0
0.0
1.5463629
0.0
6.240591
1.8103404
0.8529097
0.0
0.07167573
0.0
0.0
0.0
0.0
0.6753556
0.0
0.036046594
0.31077564
0.046222493
0.20929869
0.0
0.46007854
0.47451934
0.0
0.0
1.7916746
0.026113844
0.0
0.0
0.0
0.036360487
6.819485
0.0
0.0
0.0028897086
0.07676057
0.28066418
0.21963648
1.6738393
1.2001525
9.949029
0.0
4.551875
3.8609934
0.39291003
3.6996315
9.009363
2.7047057
0.60617137
0.33005127
1.144784
0.02046987
0.31923944
0.0
0.0
0.0047758645
13.386192
0.0
1.0877395
0.0
0.6830601
5.4435887
0.045947064
0.07144596
0.0
0.01643752
0.0
0.28494126
1.320251
0.0
0.0
0.28942809
0.48810524
0.0
1.0079587
6.022624
1.2107937
2.0874555
0.0
1.0678315
0.0
6.146779
0.023627076
0.5877751
0.0
1.3125126
1.0543097
0.6812218
0.059273414
7.8167324
0.0
0.0
1.1103535
0.0
3.8520267
0.0
0.0
0.077133305
12.421378
1.6477174
0.6475818
0.0
0.0
0.023859963
0.0
0.0
0.5818382
2.7652087
1.2041324
0.0
1.0718601
0.0
0.0
2.1814663
0.0
2.0967865
0.018598128
0.0
0.20377345
0.0
7.1941104
3.9045346
0.055140942
3.684146
6.20625
0.27222085
0.75834256
1.4802042
0.007874613
0.0
0.0
3.3227725
0.26992443
0.9880399
0.010970573
0.0
0.0
4.076667
3.1819465
6.957863
0.99554616
1.3359188
11.812704
0.1927183
4.678057
0.6975825
6.5301876
0.65726346
0.7724549
0.17504385
0.12931937
0.0
0.0
3.492349
2.7598379
0.0
0.0
0.1610813
0.0
0.0
0.0
6.5551143
1.8242675
0.60385936
0.007524679
0.0
0.080168486
0.010517033
0.023772433
0.018602166
0.0
0.0
0.0
0.0
5.1854753
1.0602341
2.4098291
0.31166103
2.0543053
11.427048
0.005610342
0.21036677
3.9642851
0.99026054
0.0
0.4534793
2.5455313
1.7506174
0.58169353
0.0
0.023368469
0.0014943322
0.0
9.828352
0.0
0.36904612
0.0
1.2131016
0.9327246
0.15209134
0.0
0.0
0.673485
3.0469623
0.12741272
4.6708765
1.0688719
0.5868597
0.0
3.5538
5.8499384
2.5229876
3.6584837
0.5853371
0.0
0.0
0.5376886
0.0
3.2764478
0.4634846
1.3836373
0.032425635
0.0077406582
2.391793
0.10129592
0.23455548
0.036803033
0.0
3.052009
0.0
4.054815
0.41995403
0.0012341836
0.0
0.0
0.22375329
0.61081934
0.003621695
0.8111695
0.018861374
0.0
5.6383076
2.1889677
0.011552302
2.2334516
0.0
2.0578263
0.0
0.0
0.1267339
0.0
0.30584133
0.41902983
2.0783927
1.1300492
3.4381564
0.010519426
0.0
0.0
0.0
0.04940147
0.0
0.925708
0.0
12.583707
0.1641667
0.10985467
0.15598673
0.0
0.0014279837
0.09745464
12.255031
1.0088425
0.032929745
0.0
2.3562603
0.0
0.04788095
0.0
2.1574414
4.8576074
0.0
0.51063734
0.0
0.014942014
0.0
0.0
0.0
0.04641775
6.9055753
0.0
0.0
0.3694581
1.4333736
0.66454464
0.00926969
3.2888048
0.093365945
11.974228
3.499571
0.0
0.7005241
0.0
0.0
0.0
2.0462208
0.3075939
0.3315155
0.0
0.0
0.0
0.0
0.9798718
0.0
0.0
4.935179
0.0
0.0
2.301989
0.38049522
0.0
0.0
0.0
0.13321947
0.6903729
0.2541226
0.047485705
0.7583194
0.180373
0.0
0.0023281865
9.474542
0.0
0.0
0.0
2.0765064
0.13811377
0.0
1.8694494
1.6379734
0.0
7.9347916
0.75984716
0.0
3.2293773
0.020884251
0.091618136
0.0
3.5030336
2.1304991
3.7853494
5.1579666
0.0
0.0
0.3835641
2.1946144
1.5550447
0.0
14.359042
0.08326729
0.61224985
0.993814
0.08092919
0.69317204
0.8561108
2.0434325
0.102792546
1.4899551
1.6893146
0.0
0.0
9.039148
0.22444294
0.0
4.757505
0.0
0.0
2.6593168
0.6697711
11.775655
0.0
0.8456446
2.25583
0.38829485
0.0
0.0060934
1.146926
0.043328617
0.021229126
0.41402546
4.1813364
10.589274
0.41871697
1.1337122
2.756384
0.33809513
13.950544
3.07899
0.0
0.067431204
0.0
1.4868759
0.116273664
1.2159275
2.4363062
2.1850457
1.8179305
4.3740487
3.7239418
0.26532692
0.0
0.0
0.076542825
0.055302434
0.12092086
0.0069132145
0.02735073
0.0
3.2009723
1.5657653
0.14786407
0.0
0.20139554
0.84127164
0.0
0.0
0.0
4.49471
0.0
0.0
0.0
0.0
0.0
1.2899631
0.0
4.9951878
4.0056677
0.0
0.0033903364
7.3905272
1.1001866
0.0
0.80532837
3.567153
0.0
0.5650815
0.38868666
9.800522
0.74428815
0.0
3.7116652
0.6030662
0.0
0.33957562
1.2833422
0.66576266
0.026701912
0.0
0.0
1.2342255
3.4368207
4.0511823
0.0
0.18988805
0.5045771
0.0
0.0122113
0.0
0.0
0.0
0.0
0.009139367
1.1923753
0.0
3.7236586
0.0
1.6237379
5.43998
0.0
0.0
0.21364021
0.34696946
0.0
0.0
0.46179107
0.35213047
0.07010093
0.14926851
4.5539856
0.35833853
0.890976
1.9810724
3.1248152
0.35936925
0.3917357
0.0
0.0
0.0
0.0052887467
0.004462602
1.1824579
0.24841946
0.0
0.0
0.05324326
0.1476077
0.0
0.029739855
0.6855473
0.021035861
0.34140933
0.34039956
1.2073109
5.3149776
0.0
3.0166569
0.0
1.3483069
0.57925117
0.0
1.1376995
0.0
0.26828858
0.19010554
6.8817635
0.0
7.9793477
0.0
0.4016863
0.5729152
0.026632342
1.6799259
0.18647753
5.493352
1.4066374
1.3248512
0.0
1.3430691
0.5817671
0.0
0.0
4.1946607
0.0
0.0
1.1035023
0.0
0.63469654
2.6732018
9.765067
0.016336411
7.542147
0.028437756
0.0
0.0
0.08097096
0.98019767
7.242834
2.330284
0.00096805487
0.0
1.3820394
0.8753807
0.22930633
0.0
10.862007
5.4860845
2.9358633
0.14504497
0.0
0.0
2.304636
0.27393815
0.5602819
0.08492402
0.0
0.42713866
0.0
0.10533588
0.40383136
1.1721675
0.0
0.093407124
0.07489059
0.9347335
3.2400672
0.5192391
8.02519
0.011969459
3.478632
1.6079324
0.11843312
1.0240757
0.0
0.17182155
0.0
0.012540734
5.197132
1.6436819
0.19435354
4.42804
0.36178643
0.8264552
2.4847476
0.0
1.0264622
0.008767439
1.2863643
5.128798
3.410503
0.0
0.0
0.02705015
2.128577
0.0
4.2353334
0.0
8.99544
6.193981
2.6119757
0.029441828
3.9234722
3.9990673
2.8913095
0.33913732
0.0
0.0
0.0
0.0
0.16695867
0.0
0.0
2.6674364
0.0
0.25912133
0.0
0.006554168
0.47843683
0.120020606
0.39877155
0.0
0.36207983
3.1402435
0.0
0.077061325
0.030017002
0.0
0.012839604
4.0665073
1.7279298
0.14388299
0.0
0.13827598
0.0
0.063339904
2.4076571
5.1309686
0.0
0.32608914
1.6858095
6.2363772
2.9085655
1.5313962
0.0
0.00180849
0.009099523
0.0
0.008691082
0.0
0.0
0.7838244
0.0
0.042687085
0.004084227
1.9032428
0.0
3.2270143
3.7788308
0.0
8.180559
0.0
0.0
0.7859962
0.38681605
0.29913822
2.7389188
0.0
5.595838
0.07218149
1.850408
0.11162119
12.03567
0.0
3.137975
0.0
2.291992
0.12991272
0.0
1.7070556
0.0
0.0
0.4466258
0.0
0.31404176
9.035455
0.0
0.023966186
0.0
5.749199
0.23497441
0.3094554
0.0
0.0
1.0364426
3.4766743
0.0
0.0
0.24458955
2.119095
0.17074636
1.4486023
0.58941746
0.0
2.157919
0.003432269
4.0252275
1.2296525
0.0
0.0
0.0
4.986069
1.1532042
0.0
0.26203525
4.5243115
1.2345785
3.1566947
1.3046857
0.26516652
0.9775386
0.003342463
0.0
0.0
0.0
0.0
1.4430647
0.0
2.7697737
0.0
4.067564
1.610489
0.0
2.985486
0.0
0.5678516
0.31291875
0.0
0.0
0.0
0.0
0.0
1.0128247
0.0
0.03030556
2.908431
0.0
2.988184
0.0
0.28543577
0.15305734
1.4669559
0.520956
2.0575254
0.06918111
0.0
0.75081766
0.61138964
1.2518892
0.0
0.0
0.7166781
4.3384323
0.082317196
1.5339578
0.0
2.3802643
0.9533115
0.64365125
0.0009288155
2.385903
0.0
0.0
0.0
0.0
0.0
2.906973
0.76026744
10.546638
0.0
8.848675
0.27188814
4.9703026
0.0
0.0
0.0
3.2308004
0.0
0.44039094
1.119314
0.0
0.32713595
0.014770888
0.0
0.24566633
0.36284938
0.0
0.0
2.163161
0.83319366
0.0
2.4134932
9.635788
1.4592836
11.802398
0.0
3.1253374
1.9863366
1.5487158
4.2693586
0.07664373
0.0
6.087333
0.0
0.013867321
2.8220417
0.0
0.9411847
0.31436688
0.013200826
0.6582594
0.04521821
0.0
5.5203047
0.0
0.0
0.0
0.3381317
0.18197255
0.35823342
0.0
0.0
0.21241778
0.49395913
0.025676878
0.0
1.1481185
0.37836644
0.0
9.652528
0.0
10.610008
2.1455073
1.2796916
1.7763907
2.8141887
0.9090269
6.3095646
0.0
1.0695822
0.0
4.1486983
0.0
0.0
0.0
3.784738
0.15638535
8.045155
2.5745435
0.009587297
0.0
0.43029812
0.0
0.25109842
6.8219275
0.0
7.0796237
0.0
0.0
0.03728266
0.0
11.804085
0.0
0.0463978
0.49713948
0.0
0.0
0.30219093
0.1867146
2.6381447
1.5259284
2.296695
3.5071177
4.1807976
5.1558113
0.0
0.0
5.0814004
0.57781637
2.2715566
3.88378
4.263518
1.8687783
3.227004
0.3145074
0.0
0.010012485
0.09539191
6.146444
0.060744125
0.16664599
0.16937345
0.0
0.0
1.5601534
2.6781485
0.2797066
0.0
1.9962395
0.00096824707
4.240909
0.0
0.0
0.08664394
0.32873118
2.2155678
2.6008284
0.5342477
0.18707852
0.0
1.5873562
0.46908134
0.0
0.23772337
2.7057977
0.47946537
0.0
0.1673127
0.0
3.6018858
5.650333
0.0010894756
4.7705045
0.17951246
0.0
0.0
2.9079812
0.0
0.40243682
3.5891187
0.006954913
0.0
0.13227817
0.5136213
0.0
0.0
4.3384542
4.154433
0.0
0.0
0.0
0.0
1.7466432
0.07619623
4.0922747
0.0
2.821559
4.779528
1.5296968
3.116457
2.7486098
1.8844731
0.65055543
0.02276317
3.6995482
0.078397825
0.0
0.0
0.0
0.0
0.456096
0.0
0.42625755
4.1952205
0.9192243
0.0
6.6064644
0.0
0.34959528
0.30070254
3.8041995
0.14018601
0.0
4.1660647
0.0
0.0
0.0
2.4837148
1.7283971
0.33667448
0.05879444
0.0
0.2981779
1.0905981
16.45856
0.040315185
0.0
6.123013
0.0
0.20334205
3.607073
5.696832
2.214602
0.060388565
1.4835314
0.14495473
0.4818591
0.13914844
0.0
0.0
0.40342334
7.2746415
0.011158519
2.3220463
1.4360434
0.14104527
1.1214975
1.6395656
0.0
0.20853841
0.0
0.0
0.0
2.3851109
0.0
0.08821561
0.0
0.0
5.1659265
0.0
0.0
0.0
0.0
0.0
1.8715831
0.53133637
7.122955
7.1714687
0.0
1.118869
8.755847
0.20155108
1.8264177
0.45305547
0.0
4.9601345
0.4152252
0.0
0.0
0.0
0.0
0.0
0.94297916
2.0133033
0.0
0.57619816
0.0
4.3075876
0.0
0.0
0.0
0.32840064
0.031163834
0.07972911
5.4943933
0.0
0.03933852
5.840305
0.18458742
0.12838821
0.24593423
0.0
4.041849
0.599607
0.007896866
7.266644
0.73681784
0.0030256533
0.0
0.0
1.9625922
0.2525265
0.0
3.7129488
0.00048603088
0.0
0.7585411
10.483366
0.0
1.1883656
0.99571604
0.0
8.278261
0.32109174
0.0
0.0
0.06913946
0.0
1.7125126
1.1542306
7.8818316
0.0022650422
0.004659166
0.011585936
1.6426742
0.90092313
1.1631346
0.30441454
0.019889452
5.8337827
3.0007007
0.0
0.034142617
0.0
0.0
0.0
1.1164312
0.7360794
6.042148
0.020118782
2.3670065
6.181257
0.0
1.8807713
5.1907234
4.02369
0.0
0.7316852
0.07076018
0.0
1.8956841
0.0
0.0
0.72778237
2.7697582
0.13587981
0.00019969259
1.3710654
0.36003622
6.1174045
0.20143642
0.0
2.9170442
2.6379712
1.1388475
0.0
0.15124156
2.4866104
0.00367694
6.015741
0.7726679
8.231692
0.0
0.0
0.7747875
0.0
2.4185174
0.0
0.0
0.0
0.015920259
0.0
0.63095087
0.0
4.3735867
0.13807306
0.17712103
0.0
0.0
0.11443296
0.44583896
1.6308492
0.19579366
2.2468932
0.015384224
2.6302326
0.5078628
0.0
0.0
8.632178
0.0
1.1762228
0.0
0.0
2.8041492
1.7342279
0.19379608
0.0
4.2119656
0.0
0.0
0.0
0.017692536
0.21659763
0.11531155
0.08988
3.6138263
0.0
0.24328275
3.8871205
0.1040774
0.14255543
0.0
1.6996131
0.8176545
0.2695458
0.06574884
0.0
0.56597155
0.0
0.5270891
0.0
0.09384572
0.7396076
0.056491707
15.251816
10.520092
0.96099806
8.107615
0.0
4.082473
0.24208722
0.0
0.8497223
0.0
2.433236
0.3146104
0.09026139
0.0
0.0
7.7745724
1.5687267
1.1332656
6.2298274
4.0421534
10.379127
0.6981575
3.0364845
0.16409183
5.983338
2.2618785
0.70897776
0.042023692
0.0
5.639933
0.26957366
1.0906351
5.6493
0.09203691
0.76560533
0.04298868
0.0
0.0
0.009951161
0.0
3.3896546
2.3133252
0.0
1.0765097
0.0
0.0
2.7001503
0.011214852
0.052064184
0.92196596
1.1632613
0.5231997
0.0
9.950019
0.6568858
0.014686901
5.148095
0.0
0.6787633
0.0
3.718925
2.5429914
5.618783
0.50164664
8.514427
0.3861649
0.0
0.69509023
0.0
0.9333296
0.0
1.031222
0.0
4.503796
0.0
0.25210512
6.5691616e-05
0.05618633
0.0
0.023139292
0.16041572
0.0
1.3096505
0.10413781
0.0
0.3593726
2.034924
0.1929612
0.0
2.2426176
1.5720861
0.012428231
0.5085185
0.43338165
9.552945
0.0
6.1525187
7.5888977
0.0
0.0
0.0
0.11263961
0.028499896
2.4406304
0.03733744
2.6375785
0.0
0.08186357
0.029663434
0.39702913
1.6049194
0.13305122
0.0
0.15155712
0.20134819
5.477207
0.24080448
0.72258586
0.0
2.28678
0.0029623897
1.8139353
0.9670674
0.18003304
0.0
0.0
0.46966338
4.5661955
0.0
2.5358644
0.0
1.7592393
0.14347847
3.7270446
0.0
0.32299808
3.7508674
0.0
1.2333945
1.6796107
0.0
0.0
1.7906839
0.05611683
0.0
0.10395021
0.01456862
0.0
9.368979
1.0728301
1.6215708
0.038013726
0.0
1.6451616
0.027721688
0.0
0.0
0.20325996
4.061169
0.733426
0.038686622
0.0
0.026447782
0.9518679
0.0062115924
0.0
0.0
0.0
0.039715767
0.86300516
0.0
1.9363297
0.0
0.035424683
8.224833
0.0
0.8455712
0.0
0.0
10.708358
2.5768652
1.7262899
0.115089744
0.104834914
0.042485062
0.010823761
0.0803681
0.0062027657
8.506817
0.0077449568
0.9648198
3.435566
0.0
3.138851
0.021900397
5.8125157
3.1481168
0.0
0.0
1.0984107
3.5609922
0.31283015
0.29718485
0.0
0.0
2.1944714
0.15035132
0.0
1.5505536
0.5285336
0.0
0.67485803
0.7036613
0.14123517
0.0
0.62805086
0.0
4.6892595
0.13681531
0.046246804
0.2801304
11.834237
3.5986056
0.0
3.5052726
0.039463192
0.6715513
0.043696053
5.2978277
7.08594
1.0898426
0.0043302653
2.2035215
0.0
8.048753
2.0673287
0.020470332
3.2470095
0.0
7.0401473
0.5013316
0.0
0.0076013403
0.7252269
0.56324273
0.030749789
0.032353345
0.0
0.0
0.0
4.3312783
4.785305
1.1619054
0.11081423
0.044442944
0.026261577
0.0
0.0
0.0
4.9128356
3.8939013
12.460389
0.0
2.1712036
0.0
0.0
0.0
0.0
0.32629916
0.0
0.0
5.754349
0.0
1.5115052
2.4171321
2.7395535
1.0145836
0.0
0.096624434
0.0
0.0
4.106576
0.0
1.3998642
1.3508408
0.0
0.016050171
0.79358697
0.0
0.29950485
0.020887112
1.3690901
0.09030926
2.0546281
0.030912256
0.0
0.8413598
3.6823926
0.016111199
0.032985035
1.8094364
2.7180998
2.3315468
0.0
0.094342336
0.0
0.0
0.0
1.214317
0.0
0.5025155
0.0
0.0
0.0
3.2476714
10.948798
0.0
5.3897934
0.0
0.0
0.11049873
0.0
0.0
0.0013968945
0.50613
1.5562464
2.8163729
0.33685136
0.0
0.064448655
1.7637783
2.208483
0.0
1.599708
0.093223594
2.8381596
0.0
0.48347092
0.25155896
0.62584907
0.0
0.0
4.5222597
7.385502
4.9820547
0.0
0.0
1.330893
0.0
0.0
0.0
0.01959627
0.0
0.47654483
2.3562813
0.9036042
0.13811758
0.0052679265
0.042081375
0.8384985
0.0
0.0065552313
0.0
0.47640255
0.0
1.8625642
0.28874853
0.013061869
0.0
0.08012669
9.4731045
0.0
1.757022
0.0
2.91541
1.030953
0.0
0.041891098
3.0591671
7.589129
1.6539162
0.104770884
1.3160465
0.015843617
0.0
0.0
0.8649786
0.60086614
0.7210706
2.1712933
0.10392797
0.2666864
0.0
3.2688632
0.07105522
0.0
0.0
0.0
0.25286713
0.008887892
0.24531049
0.7770741
4.300678
0.10984634
0.2897712
0.0
0.0
2.930052
5.1812577
0.6910615
8.436242
4.6855106
10.092659
0.41711184
5.2815814
0.0
0.9961326
0.0
11.045448
1.7428101
1.2237645
0.07204633
0.0
0.01879243
10.581377
0.0
1.0457531
0.0
0.5776135
0.017549653
1.0698222
0.14255446
0.17733301
0.0
0.0
6.8656616
1.9587729
0.0
2.0092385
0.93038577
0.40540877
0.0
0.2466399
0.0
0.0
0.7330098
0.0
0.0
2.9697793
0.0
0.047979325
0.0
0.054832097
0.0
0.0
0.008115316
0.7600289
4.453017
4.4544196
0.0
0.96312225
0.0
0.021558693
3.0623121
0.03071623
0.0
0.0
6.3108053
7.5456386
0.14110929
3.211199
0.0
0.27637047
0.18179151
0.0
0.0
0.028024165
0.0
0.0
3.5541818
0.0
10.064375
0.7348565
0.6571454
0.014798738
0.49602282
0.0
0.0102998335
0.0
7.249868
2.5530329
0.20154056
0.0
0.060133807
0.0
8.263251
0.0
0.0
0.0
0.0
1.4975883
0.0
3.2750413
0.0
0.0
0.015419082
0.0
0.0
1.3381519
0.0
1.0635406
0.0
6.198153
5.3198075
3.238776
3.0332506
1.9040389
1.920484
0.39645597
1.7420181
0.0
0.005033425
0.7865145
0.0034278436
0.0
0.009820199
0.0
0.009415028
3.2942069
0.39710552
1.4714601
0.0
0.0
6.795744
0.0
0.944034
0.46977752
2.404552
3.3142958
0.63593113
0.0
4.0156536
0.022922399
1.9187565
0.10321755
0.5427022
0.774229
0.0
0.1905567
0.0
0.08030706
0.0
1.8094741
0.04266904
1.1794429
0.0
0.02710614
11.022981
0.00217899
3.4499695
2.6268673
1.2546381
0.043367706
0.10577869
4.870843
0.43211812
2.563046
0.0
1.1368129
0.05260653
2.3143215
1.2521864
0.0
0.0
0.0
0.0
0.0
1.22779
0.17979856
1.3397074
7.9844136
0.0
0.0
0.969841
0.0
0.14647612
0.9925684
0.0
0.0
0.09234193
0.40821898
0.54076666
0.022658044
2.783857
2.7531176
0.96563077
0.04971029
4.278906
0.0
0.6800697
0.102507964
0.0
0.8853605
0.0
9.093185
0.0
0.13768224
2.1775188
0.06096652
0.6304004
0.038638756
0.19189233
0.0
0.0136775775
1.2023027
12.103622
3.0380857
0.0047321124
1.7407568
1.5600723
3.5263853
0.0
0.0
0.0011215308
1.5644243
0.037960093
0.0
0.31174505
3.402225
0.17418383
0.021079952
3.2639341
0.32419744
0.0
0.25543916
0.12166961
4.3244658
0.3467064
0.0
5.8948574
0.36983797
0.09965061
0.14635463
0.032124292
0.0
0.8422073
2.9085035
0.8245463
0.0
1.6364381
0.0
0.00091448124
0.35472643
7.443809
1.4636512
0.88138735
0.1327915
4.8183866
0.85437936
0.29209864
0.0
2.2920597
1.6641108
7.2407007
0.3282034
0.15877815
0.4257245
0.0
3.0354598
0.46571824
0.0
0.0
0.008685922
0.4671983
0.2544022
3.0368557
0.0054627536
0.0
0.21028212
6.2586584
0.4983095
0.24884254
2.1422548
0.0
0.0
0.5934295
0.0
0.023649741
6.3714666
0.2078921
0.11566912
0.0042487993
0.13164662
0.06845987
0.0
5.3326592
0.013415993
0.040612064
9.54841
0.0
1.7913634
0.49237654
0.0
0.0
0.0
5.47408
2.5054228
0.33457962
0.6780622
0.0
0.6711517
8.103252
10.492745
0.15663077
1.2066207
1.9219162
