3.5077913
6.0319667
0.0010746644
0.0
0.0
0.0
0.45888186
0.0
1.2139845
0.0
0.94156474
0.06728633
0.0
0.32326117
1.9461173
0.011468157
1.6808696
0.0184167
2.2195334
0.0
0.0
0.5827378
0.0047450894
0.0
3.5102267
0.0
4.6448565
0.0
0.0
0.5591944
0.12206757
0.0
0.28700027
0.0
0.0
0.2971236
0.0
0.018936593
0.0
0.0
0.8132025
0.0
2.709249
0.0
0.0
0.0
0.7254572
0.4554644
1.3126216
0.06713603
1.3798426
0.0
0.07239964
2.3085923
0.0
0.0
0.0
0.51882714
0.0
0.0
0.19187541
0.0
5.3615932
0.0
0.0
0.005489522
0.0
0.39820927
0.15293597
0.3448921
0.0
6.4778295
0.8414883
0.0
0.0
2.2346368
14.588524
6.088407
0.57948637
7.5183105
4.2427006
5.22189
0.023996148
0.31086522
0.03637778
3.279513
2.9136405
0.0
0.0
0.0
0.06708068
0.061569516
1.2461771
7.086701
15.28741
4.5166755
0.0
0.11601732
0.0149350455
0.0
0.0
0.15710193
4.878999
0.0
7.0836687
0.7327636
0.0
0.10572618
0.0
0.20031549
0.0
0.0
0.0
0.047154345
0.0
2.0179262
0.19775039
4.030405
0.0
0.66424704
0.09592899
0.05981986
1.9466187
0.08808518
0.114487246
0.0
0.0
0.0
0.0
1.1608326
0.1707678
0.0
0.0
0.0
0.61492777
1.2477368
0.2987026
5.1081676
0.44296533
5.831031
0.36041626
0.35701233
3.206461
0.222871
7.72984
2.0277276
0.0
8.033952
2.774762
1.0061191
0.0
0.008108557
0.0
0.0
0.01731687
0.058503155
0.03264953
0.11650926
1.4514358
0.079540186
0.7025018
0.7009687
11.454808
0.0
0.0
0.0
0.0
5.086329
0.23555608
0.0
0.29469052
2.0447364
0.0
0.19811866
0.3036841
2.5502913
5.5596194
0.0
5.8804665
0.0
1.9700004
0.16447991
2.699481
0.2832868
0.09106191
0.7916185
0.0
1.4335358
1.761799
0.0
0.0
0.0
0.27043492
2.5929127
0.0
0.0
3.8844857
8.396307
0.0
5.6563125
0.004956647
0.0
0.0
0.030372756
0.0
3.2732098
6.28368
2.545263
0.0
0.15737203
0.34109095
0.0
0.0
0.011168567
1.6919862
0.86741304
0.0
1.4650265
0.0
6.320706
0.60555416
0.30071446
2.6254215
5.476559
0.02374653
0.0
2.7034125
1.1238183
0.0
0.017123403
1.4235432
0.021236937
0.35470772
0.0
0.60241467
0.0
1.3660899
0.78906727
3.6761491
0.0
0.30212215
3.9520874
0.6364491
0.054185245
0.07302046
6.3947587
0.45058292
0.28005418
2.3863513
0.0
0.0
0.0
2.8027396
2.2280998
0.0
0.0
1.7881536
2.2887137
0.36928168
0.0
2.1123421
1.3582848
0.006736123
0.0
0.0
1.2652454
0.118185274
4.4700756
0.22646146
0.0
0.0
0.0
0.0
4.175728
0.0
0.14324094
0.4149882
1.3535558
12.747985
0.4116113
4.02675
1.606519
0.02147438
0.0
0.0
0.0
2.9328012
2.3956788
3.364103
0.0
0.0
0.0
2.6069455
0.0
0.72228765
0.0038166023
0.057253618
3.5622864
1.2605655
4.610588
0.0
0.5374272
0.014964434
1.2773839
7.488529
0.89366573
0.05809202
0.47826496
0.12154712
3.5795462
2.4185681
1.8248128
0.0
6.500889
0.050819494
0.0
0.0
10.342035
2.6031218
0.0
0.24311748
1.3983741
1.002276
0.0
0.0
0.6516574
0.0
3.922307
0.0
3.7661943
0.497073
0.0
0.094957165
0.7148933
0.0
5.916963
0.0
0.610844
0.0
0.0
6.0208116
2.2936184
0.0
2.649665
2.37221
0.14470276
0.048952296
0.0
0.0
0.0
1.6332707
0.0
0.0
0.21181437
3.3248432
0.083368324
0.0
0.0
0.0
0.0
0.111277826
4.789696
0.0
11.056114
0.47155014
0.034941018
0.08460064
0.2430265
0.0
3.9104714
5.532574
0.061209008
0.012648213
0.0
0.8532775
1.9779917
0.0
0.31474605
5.686961
6.711666
0.13511233
0.0
0.89314115
4.44918
0.0
0.0
0.36188912
0.17593212
3.0356076
0.0
1.5622203
0.038257778
0.04895979
0.5132181
0.004776001
2.6453042
0.0
0.013475679
0.6316408
0.0061023915
1.0491513
0.27077752
0.0
0.0
1.8667436
0.0
0.027786208
0.04683224
0.060760673
0.701382
1.3255855
1.5337687
0.0
0.0
1.8472184
0.13171817
0.014085512
2.8586679
0.03155184
0.04174213
0.0
0.013411203
0.036960367
0.27295348
0.30886483
0.038562484
0.036026124
1.0078353
0.3885481
0.09307356
8.2903595
0.052873403
0.0
0.0
0.4722803
2.5444674
0.0
0.36606136
0.0
0.0
0.36344194
0.0
0.04212604
1.8660303
0.017676733
0.506467
0.22055139
4.117789
0.53695077
0.0
2.3277931
0.063647136
0.0
4.3917046
2.1050875
0.6280627
0.028887447
5.3918004
0.34657428
0.0
0.41007712
0.14950569
0.061486818
0.0
3.2559125
0.0
0.0
0.0
0.0
0.006593736
2.3693342
0.034424398
1.54329
0.33261925
0.0
0.0
0.9289676
1.1772062
6.225439
0.0
0.0
0.0
0.019372124
0.44421938
0.0
0.18192668
0.0
0.0
1.0830474
0.37770694
7.7497478
0.27749097
1.6301285
0.64402
0.019355051
10.579135
0.004421232
0.0
0.0
0.0
0.85739386
0.0
1.1754026
0.18932995
5.254161
1.0286249
4.053677
3.6115074
0.10702277
0.0
1.3729802
0.0
0.25697374
0.0
0.039955992
0.0
0.0
2.3494112
3.6476743
0.29899576
0.5406048
0.0
0.69018126
0.027909026
0.07066519
0.0
8.254397
0.33443856
0.5071241
0.0
3.143799
0.0
0.022834053
0.0
0.055283796
1.8218621
0.0
3.7820652
0.54587805
0.0
0.0
0.0
0.018163005
0.0
2.2650497
0.018347628
0.9619698
0.0
0.0
0.025629297
0.4404194
0.0
3.1195853
0.039506875
0.4040702
0.0
1.1228217
0.0
0.25813857
0.99785155
0.24180068
1.1546599
3.0537076
0.53612065
0.0
0.60930693
0.04170524
0.0
0.0
0.0
0.049677562
0.0
0.0025780664
5.6347923
0.0
2.4175916
6.0326767
0.0
4.241912
5.2932024
0.38821745
0.0
0.0
1.0758659
0.0
0.2861979
0.0
1.5465581
0.0
0.11749235
0.0
0.0
2.710194
0.20453306
0.0
0.0
0.0
0.0036079811
0.0
0.0
0.02555043
0.0
0.16548805
1.2760592
0.052793037
0.018814579
0.0
0.5867414
0.38918307
0.0
0.23099066
0.059316587
2.0665174
0.0
0.0072118407
0.2814056
0.015550283
7.1036396
0.0
0.08448123
0.43529227
0.0
0.0
7.8854985
0.00017543715
2.6677186
0.0
6.5287237
0.0
0.0
11.07197
4.3860435
0.114061885
0.38963485
0.6162569
0.68833214
0.025583223
1.0113684
0.0
0.0
2.656314
0.10435553
0.1507571
0.24442808
0.34991962
0.37227678
0.48012564
0.1019749
0.014350562
0.0
0.0
0.0
0.96292174
0.61845183
3.1777425
3.4171398
0.7758904
0.0
0.0
3.267164
0.005796603
0.0
0.02255802
11.302208
1.6045674
0.0
0.0
1.636856
0.0
1.4014024
0.14594492
1.034541
0.0
0.0
0.0
0.0
0.0
0.0
2.6283782
0.0
0.0
0.12640226
4.127478
0.42407066
0.9554037
0.33764195
0.0
0.6224606
1.3213677
0.028835194
0.01607603
2.3856301
3.424749
0.046463422
0.4224813
0.0
0.0
0.0
0.14447188
0.26025152
0.00031404593
1.4408102
0.053369902
0.0
0.0
4.4967
1.4912584
0.054897305
0.9431971
0.049597535
0.0
3.5713246
0.036012143
0.66169137
0.89184195
9.701779
0.17385828
0.0
2.3365064
3.272753
1.409048
0.56574374
0.08225723
0.010572582
0.0
0.12752312
0.0
0.14265126
0.026574621
0.24985649
0.0
0.69314086
3.4643404
2.439566
0.0
0.0
0.0
0.0
0.0
0.0
0.027750013
0.0
0.13446459
0.6080644
0.20175941
0.2586968
5.008616
1.1791914
0.0
0.0
0.09520378
0.52152216
0.0026525818
2.99629
0.8417465
0.0
0.45794204
0.17630406
0.76230234
0.0
0.0
0.0
1.846893
0.0
0.2653626
0.22256993
0.028123261
0.0
5.9114394
0.0
3.8855114
0.0
7.851816
0.0
6.418353
2.9818935
0.19411428
7.0984106
0.5493819
0.0
7.714445
0.0
0.0
1.8103799
0.0
14.43567
0.0
0.0
0.89097273
7.6787477
0.2697821
0.9042789
0.7399544
0.17901355
0.0
0.0
0.0008595817
0.0
0.0
2.972224
0.51777756
0.03938079
0.37032676
0.0
0.0
0.016842658
1.8971288
0.628132
0.33540225
0.0
0.0
0.38523245
2.5186179
0.041189857
0.0
0.0029458026
4.8583126
0.06915083
4.3756595
3.0987847
0.0
0.0010519028
0.015658423
3.8147864
1.1587577
0.014592103
2.9583404
0.6649132
12.413481
0.48625386
0.39799115
0.0
4.856382
2.3594403
0.706041
0.2152461
0.0
0.29563764
0.04061999
0.0
0.034955118
0.75195974
0.47245112
1.5594589
1.0720198
5.9178023
0.17114092
2.3587
3.4572244
0.0
2.4919112
0.29744762
0.0
0.001827403
0.0
0.0
0.0
0.056620266
0.0
0.20720327
2.676044
0.022557054
4.319249
0.27477956
0.5584634
0.0
8.232308
0.11436205
1.5415561
0.047680106
0.16297315
1.6619508
0.43955597
0.0
0.03565555
1.7282033
0.0
0.041973766
0.0
1.1508238
0.0
1.6849211
0.0
0.26078278
1.6958187
0.375283
0.0
0.0
0.1461278
0.0
0.0
0.0
0.012685805
0.0
11.790723
11.714974
0.3553768
1.210149
0.0048181964
0.57286793
0.0
0.0
0.0
3.178503
0.0
0.66071963
0.0
0.0
0.31150606
0.0
0.0
0.07429811
0.0
0.1814022
0.013352059
2.3163836
4.6894894
3.6536865
1.8563746
5.1877666
0.0
15.392097
0.016087638
0.8003223
0.007036815
0.52803296
5.00715
0.07403344
0.15725523
0.77980846
0.0
0.0
6.481677
0.0
0.0
0.0
3.9757755
0.014331166
0.021310255
0.0
5.080602
0.02611058
0.0
2.3210807
1.1108025
0.09917505
0.0
2.9870055
0.0
0.34067443
2.1984348
0.0
0.36770537
1.5537394
0.541217
0.0
3.4419687
0.0
0.45769948
4.083748
0.0
0.45077875
2.2735608
0.36155945
3.9024844
0.0
1.2022785
0.0077739004
2.9427767
0.0
0.7806314
0.0058253445
0.0
0.2141445
7.9891253
1.6777605
0.0
2.0267308
0.0
0.5091396
1.1279598
9.515917
0.0
0.020130891
0.0
0.01056894
0.0
0.0
10.412257
0.0
0.0
0.017667351
0.002881067
0.0
0.72258055
0.40273467
3.3870807
0.0
4.234036
0.6578206
2.2021656
0.5121574
0.0
0.0
0.069521844
0.01442736
0.09136947
2.850985
2.9598732
0.80979913
0.48811942
1.0390844
0.0
0.38692108
0.0
5.369367
0.0
7.0806336
0.5099695
0.3527344
0.0
1.0752536
0.03743154
1.0986878
0.0
0.0722491
0.0
1.2160438
1.5005866
0.047962375
0.0
0.014431795
0.36703125
0.7382609
4.3883677
0.98288137
0.57450515
0.78626657
0.0011370863
1.7765512
0.11063735
4.363315
0.0
0.27633664
0.0
0.0
1.0049489
10.300048
0.15004683
1.1409186
0.3950072
0.0
0.04332654
2.8027508
0.0
0.9145665
1.837834
0.0
0.0
0.37226135
0.0
0.34205025
0.0
5.4062705
0.15645893
0.9958272
0.0
0.59228975
0.0
4.0246162
0.899013
3.1367707
0.0
5.912034
0.26382658
0.0
0.0
0.91703826
1.4045563
0.0
3.04371
2.237676
0.5161079
0.0
0.29966676
0.0
0.0073758923
0.0
0.0
0.011843803
0.0
0.0019046628
0.0
9.664861
2.1527934
0.74402976
1.485682
3.8010914
6.214556
0.7955435
0.0752606
0.18945344
0.01925445
0.18986796
4.818932
1.8189676
1.388291
0.01197034
0.0
0.0
0.0
5.537171
0.4636177
0.23604381
2.760495
0.11744439
1.2122021
7.0539513
0.047636535
8.160316
0.059762873
0.6159677
1.0377642
0.042548988
0.9346013
0.0
0.0
0.0
3.3777618
0.34519187
4.6480637
4.420541
0.029170562
0.0
0.0
1.569201
0.0
0.0
0.0
4.636837
2.7662883
0.0
0.31939745
0.0
0.0
0.61478746
0.10282851
0.008939899
0.037315976
0.0
0.0
3.1791108
0.11657903
1.4633923
1.6199335
0.0
0.0
4.6147623
0.0
6.134161
0.02717095
0.0
0.014493402
0.0
0.0
0.0
0.0
1.1183021
0.0
0.0
2.2989936
0.15243602
0.36400276
0.0
6.674753
0.024829324
0.0
0.0
0.0
5.2634783
0.0
0.76283145
0.031584244
0.4644953
0.7204678
2.306442
0.26372963
1.9911495
0.0
6.084667
5.024766
2.1776374e-05
7.323133
0.5875735
3.683181
0.03669141
0.7785901
0.0
0.081658326
0.0
0.10962728
0.05399067
0.0
0.09235205
11.669675
0.0
0.0
4.351804
0.0
6.1358128
0.0
0.0
1.0241213
0.0
0.0
6.4851985
0.0
4.7275467
0.0
0.0
0.07616469
2.9446666
2.375205
6.982983
0.58878374
0.015130063
2.9575174
2.327383
0.0
0.0
0.0
0.0
0.0
0.0
0.10195191
4.5891204
0.0
0.6547416
7.1269674
0.0
1.3047934
8.033527
0.59485596
0.0
1.5039003
0.0
0.0
0.0
2.6648123
0.0
0.0
4.860899
1.2891613
0.7961589
0.37086806
0.024017574
2.66012
0.761552
0.04954007
0.1562464
1.4483308
0.0
0.0
0.014553097
4.9830275
0.08562645
6.393667
0.31138209
7.873041
0.18317494
0.0074791494
7.325748
4.896675
3.8978028
0.012220728
0.3000453
0.030559277
0.0
0.0
2.8149748
3.1733375
2.3410869
3.9721327
0.0
0.7238067
0.0
0.12951732
0.9665608
2.6226523
0.59157676
9.6630125
0.0
0.0
0.0
0.0
0.0
1.3768986
0.0
0.0
0.877298
0.0
0.19917111
1.2149009
0.2290449
3.3693976
0.11894512
0.0
0.1250209
0.0
0.0
2.1986074
0.2992202
0.21751487
1.3711168
0.018343711
0.051317234
0.0
1.0907674
1.32738
0.0
0.010947167
0.0
0.0
0.08130305
4.7237167
3.1818268
2.3438911
7.1314497
0.0
0.0
0.11150423
0.39160967
9.045155
9.323392
0.0034957905
0.7816455
0.0
0.7640268
0.0
0.0
0.013786539
0.0
0.0
0.0
0.0
0.0
0.0
3.3860767
0.0
0.18594337
5.3271866
0.055509616
0.7550196
3.3119922
0.21201698
0.0
4.944149
1.2131077
0.39966866
0.0
0.13700816
0.89082307
4.4000393e-05
0.18782128
7.2455077
1.1999917
1.1608576
0.061552193
0.0
0.0
0.0
0.0
1.7504576
0.0
0.25912365
6.696779
0.008976381
0.0033033527
5.0208173
0.34584007
0.0
2.5895412
10.484761
0.603363
0.0
0.39901203
0.0
0.0
0.0
0.0
1.2545973
0.076431476
0.13533416
0.0
7.803841
0.12933135
4.6712418
1.7101557
0.0
0.0
0.0
0.2125785
0.0
1.0124584
0.03773881
6.219837
0.0026498255
1.3001243
0.69645786
0.0
0.3995728
0.0
0.59583133
0.0
0.77975696
0.1793794
1.2028058
0.0
0.0
0.007152635
0.0
8.256971
2.5793386
0.041739024
0.0
0.0
5.4977617
0.0
0.21939749
7.95791
0.0
0.10047737
0.26953566
0.0
0.0
0.3295831
0.0
2.2117672
0.0
0.0
0.0
1.021431
0.12266527
4.4177628
0.019508423
0.121388055
0.0
7.481043
0.73768574
0.0
0.0
0.0
0.0047216974
0.18617289
1.4962301
0.023233784
0.34357592
1.3548138
0.0001406767
2.183941
0.0
0.0
0.030225202
1.6067541
0.06268874
1.7437927
0.0
0.0
1.1364945
0.0
0.73864084
0.7882845
3.2231362
0.0
0.12214839
0.0
0.32145143
0.0
1.8657544
0.34539372
4.216161
0.2144687
1.6465971
1.0816827
0.0
7.48088
0.0
0.0
0.0
0.31340915
0.009659758
0.05824191
0.018349586
0.0
0.73340654
0.12997784
0.0
0.0
0.08492887
0.0
0.0
2.0652182
0.0
3.845715
0.0
0.06638497
3.6953545
0.0
0.061854586
0.0
0.14151046
1.9415455
2.5246553
7.9179335
4.363509
0.0
6.845386
0.0
0.0
0.58046186
0.0028594804
0.29614428
0.562714
4.9689307
0.14821227
0.15822901
1.1996957
3.2112195
0.13257858
0.23011905
4.239986
0.0
2.9470987
0.005609943
0.0
0.012169546
0.48874614
1.0409672
0.0
0.0
0.092756994
1.1225091
0.020254204
3.5846906
0.0
0.0
0.35412878
0.0
0.0
3.9517677
0.0
0.24948885
0.0008745583
7.939925
0.16743268
0.03194913
1.7820994
0.6480012
2.0826993
1.3661281
1.458378
4.183144
0.1333864
1.4176989
0.54464066
0.0
3.340051
4.0260086
0.10309843
0.019483726
0.0034614704
2.7590177
0.04358271
0.0
0.51790845
6.2095766
0.0
0.10131509
0.4246381
0.2567218
0.0
0.0
2.8286965
10.246542
0.040129207
6.9027824
0.0
0.0
0.0
0.6360749
0.17087325
9.597234
5.8622117
8.602457
0.0
3.4593475
0.014763954
0.11773223
0.0083391275
0.0
0.9408445
0.0012453964
0.0
0.16833107
0.0
0.9968394
2.7900207
0.0003448238
0.14981036
0.21196142
0.11057828
0.0
0.0
2.7145622
0.0
0.17237782
2.1015031
0.0
1.7463789
0.0
0.0
0.31160143
0.0
3.367919
0.0
1.0652424
0.3026998
1.1462886
1.8405527
0.9809444
0.49496743
0.018232005
0.0
0.085871376
2.4547474
0.0
3.4533353
0.0
2.2793932
0.02171317
2.3872774
0.017989699
0.24381955
1.7640009
0.0
1.5358388
0.09281302
3.5727336
0.08223862
0.18143624
0.0
0.0
0.0
0.103132114
0.0
0.12549318
0.2659934
3.029761
5.0464053
2.7614596
0.0
0.20431028
0.23558317
0.6422026
0.0
5.5724955
0.0
1.2327297
0.15122014
4.031581
2.5706747
0.5426825
0.07257044
0.0
7.1479306
6.609973
2.4747865
0.0
0.0
0.0
0.0
1.7048211
0.0
0.0
2.3962579
0.24753194
3.8404768
0.0
0.11379757
0.04090332
0.32050836
0.033993345
0.25752577
0.0
0.10337337
0.18526381
0.0
0.0
0.14419787
0.36432427
0.0
0.03994249
2.4531128
0.0
4.5228987
0.84326506
9.083793
0.0
0.15018976
2.0234735
0.9799018
2.6143181
2.7998807
0.0
2.1910756
0.52355224
0.027637424
2.725811
0.0
0.15454559
0.0
11.733379
2.4393759
0.15598966
0.028453495
0.05283781
0.4001625
2.6129098
0.8478253
0.06700541
0.32472917
2.5221574
7.3230863
0.13378616
2.9151754
0.0
0.9854973
0.0
0.0
0.0
0.06486857
0.0
8.022429
1.1362184
6.796039
2.4901404
5.1512446
0.0
0.084768385
0.20742728
1.7004969
0.63574094
0.0
0.03662976
0.44286802
0.4030397
9.315429
1.1959223
0.023441873
0.33002782
0.0
2.5168183
2.507097
0.053388342
0.0
0.0
0.0
8.5392065
1.1775603
0.0
3.998068
0.027554305
0.30053782
0.03248181
0.40604225
0.0
1.8112285
6.6017685
0.5424712
0.0
1.1369076
0.0
0.0
0.0
0.79127216
0.0
0.0
0.10624161
0.5951407
5.6020646
8.160611
0.0
2.8854332
2.8482008
0.0
11.23713
0.4596167
0.0
0.27375454
1.2428244
0.047071207
1.2978183
4.4200664
0.28112572
0.0
1.3504864
0.111171
0.0
0.0
0.79938066
1.9406066
0.3755816
0.0
14.081623
0.6863152
0.14997019
0.0
1.2766806
0.21184699
0.14208639
0.31623107
3.9474866
0.270329
1.568155
0.6445064
3.8077474
0.0
13.9261
2.9140918
0.0
0.7452212
0.0
0.04081962
0.0
0.0
0.0
0.021665106
0.0
0.0
0.0
7.4323587
0.0
0.012852687
0.0
4.126351
0.92976177
0.30729038
0.0
0.13068967
3.245309
0.03863706
4.468963
0.0
0.23426959
0.01844871
0.0
0.0
0.049292896
0.0
0.018458452
1.2134593
0.08040034
0.0
0.0
0.0
6.8024836
0.021258926
2.4446342
3.3879018
4.3594584
0.0
0.008742746
0.65099114
2.800128
1.0288509
0.0
0.0
0.9483975
5.0369663
0.0
3.31792
0.0
0.0
0.9715785
0.50968003
0.0
0.7637715
0.0
0.087005034
5.900767
0.0
2.8598185
2.0006745
0.0
0.37038103
2.3387778
2.9603746
0.0
0.0
0.10979345
1.9941549
0.10591996
2.5478823
0.25779468
0.0
0.0
2.7016833
0.0
0.07288027
0.31116882
0.0
2.8930254
9.937737
0.026941357
0.0
0.0
0.057819337
0.09235623
0.0
0.32261184
0.0
0.0
0.2584587
1.4303298
0.19750124
0.2655674
4.069435
0.020041062
0.0
0.75195265
0.0
5.47923
0.0
0.08930771
0.46343026
0.0
1.2496219
0.0
1.7387813
0.091974646
0.70675206
0.10223691
5.7110286
1.7290121
2.3569546
0.5695747
0.0
3.149921
0.61053574
1.7764033
0.964625
2.1926334
0.705773
0.0
0.0
0.12426554
0.0
4.860476
0.0
0.19565748
1.0061785
0.0
1.6975379
0.15326817
0.0
0.6335223
1.6147834
0.05622786
0.03824459
3.4742591
0.0
0.63481855
1.1019652
0.0
0.18350625
0.25565588
0.0
3.0532575
4.184534
0.0
0.0
0.17277853
2.0916953
0.0
0.2136197
1.8896343
4.718453
1.6394469
3.8748627
2.936928
0.056727834
3.8595815
0.0
0.28698057
0.0
3.3813834
0.46719065
5.0855064
1.1301711
0.671505
9.465973
2.9288583
1.5567256
0.0
0.0
7.4738755
1.4736392
0.20548508
0.0
0.0
1.1373956
2.774391
0.0
0.0
3.7093577
1.1654332
0.0
1.2271101
0.052165948
0.0
0.322962
0.8200419
0.46951905
0.0
0.0
0.0
0.0
4.5686893
0.0
0.026573986
1.3495972
0.0
0.008295151
7.7600083
0.0
0.0
0.0
8.329264
4.6097217
0.6764351
0.011193616
0.0
0.11350839
0.0
12.433961
0.1638544
0.0
0.0
