0.2935993
12.425324
0.0
0.04407222
0.0
0.01201326
1.08002
1.616161
0.019189715
0.001328624
0.0
6.102978
0.0
0.013190285
0.0
2.363315
1.2572275
0.0056533036
0.26837334
0.0
0.103265084
1.8151956
0.0
0.0
0.0
0.0
1.314747
0.0
0.0038936965
1.5984288
0.97785366
0.0
0.0
0.0
0.0
0.06307011
0.29749477
0.61266077
0.0
5.018508
0.8372797
0.0
4.6586423
0.0
1.3258864
0.0
0.007187926
0.52208257
5.6019897
0.6928176
0.0
0.0
0.0
1.0408921
0.0
0.0
0.1329661
5.5574646
0.0
0.0
0.0
0.0
0.011841022
0.0
0.025446016
0.0
0.0
5.4306903
0.0510714
3.3576365
0.0
1.7117939
0.44944963
0.0
0.08160967
0.0
9.295215
0.14820445
1.3574758
8.781432
0.0
0.700115
0.29537338
0.48270646
0.17392637
2.9116964
0.11257737
0.0
0.04279297
0.0
2.7368248
0.16127695
0.7938157
0.22845046
9.157242
5.497483
0.12875785
1.0552778
0.0
0.0
0.0
3.5413933
1.3372633
0.39251044
4.516706
0.22428702
1.2907581
0.0
0.16822165
0.065221444
0.0012308919
0.10606379
0.0
0.029755702
0.0
0.0
0.0
0.09223358
0.0
0.8019481
0.28141192
1.7866982
0.0
0.6414543
0.0
0.03717925
0.013528644
0.0
0.0
0.0
7.0076656
0.0
0.0
0.0
0.0
2.153636
0.0
5.9541683
0.0
1.0484141
0.0
0.22924481
8.963434
0.018707445
10.239462
5.310174
0.0
2.6506085
1.0538893
0.021549774
0.0
0.13919187
0.0
0.0
0.66575575
1.6744633
0.0
0.00041302855
0.026153523
0.07674561
0.5597593
0.0
1.3146032
0.0
0.0
0.0
1.7979009
5.4575953
0.23492233
0.0
0.00070533704
0.0
0.0
0.009427869
2.5351267
0.062072743
12.569308
0.07394293
1.014676
0.0
3.6650481
0.0
2.0616167
0.5320551
3.798976
0.0
0.0061289193
0.0
5.7771916
0.0
0.0
0.66362536
0.0
0.24811232
0.0
0.0
2.8780458
5.933338
0.0
0.5992712
0.0
0.0
0.060842525
0.27336633
0.0
2.2335937
3.121872
0.24282296
0.0
2.660765
0.0
0.1447845
0.0017085002
2.5755556
1.2863035
0.89406717
0.0
0.45078316
0.0
9.49132
2.6725054
0.0
1.7154932
11.354172
0.41235542
0.8447871
0.15967663
0.0
0.0
0.004198291
6.493951
0.01594017
0.9782844
0.0
0.02394237
0.0
2.6034234
0.060452856
6.613832
0.0
2.0600588
0.4216852
0.0
3.8909128
0.0
2.721573
0.0
5.519043
2.4819167
0.0
0.20116623
0.06080974
2.6063783
0.52194333
1.1501033
0.03585708
0.022738531
2.9424756
0.0
0.0
0.03444878
3.7139556
0.0
0.08206601
0.0
0.0
5.0421715
0.62170047
3.7987263
0.0
0.0
0.0030731522
0.0
8.485993
0.33485377
0.0
0.018868528
4.1220007
5.5714064
0.0
0.22939032
1.6884583
3.4902558
0.0
0.0
2.8698056
0.08675887
0.098115325
3.127837
0.88124704
0.0
0.0
1.5584846
0.0
2.543142
0.0
0.44395497
2.3566654
0.13748784
0.1719185
1.3870269
1.799324
0.008792522
0.010717932
0.5994973
1.2097888
0.0
0.0
2.267244
4.1258345
0.82860744
1.797752
0.92584914
1.5613511
0.0
0.0
0.0
7.4620705
2.9363797
4.558823
0.42437455
4.4458256
0.039203282
0.0
0.34769845
0.0
0.0
4.4105587
0.0
0.20862174
1.0315564
0.0
0.0
0.0
0.044432413
2.4666536
0.005996215
2.72157
0.0
0.0040572127
6.628798
1.8035151
0.0
0.0
0.11529179
2.4053054
3.643561
0.0
0.2494086
0.0
1.7715117
0.014858706
0.18181853
1.7984334
0.07642466
0.051841386
0.0
0.01318346
0.0
0.0
0.3241018
1.5842652
0.02451021
8.900786
1.6262829
0.47352144
0.0
0.06726162
0.0
1.3965412
4.4646153
0.0
0.39750326
0.0
3.301371
0.0
0.0
0.0
0.0
3.0851874
0.0020198675
0.0005035157
1.6679585
0.28137052
0.0
0.0
0.0
0.27043006
8.139161
0.015857197
0.37014744
0.06950465
0.68137354
0.4293184
0.0
0.0
0.0
2.3734295
2.5505242
0.0
0.01859023
0.0
0.1510235
0.0
3.0656395
0.0
2.4006076
0.0
0.0
6.582836
0.80214685
1.7535112
0.0
0.0
0.302411
0.0
0.0
3.5046284
1.4304981
0.0
0.1222214
0.0
0.0
0.38020182
2.3055584
0.0
0.54004586
4.2320914
0.0
0.0
8.408163
0.0
0.0
0.0
1.1782744
0.04669134
0.0
1.0947036
0.2961732
0.0
0.33503783
0.0
2.1134572
0.0
0.069194674
2.0789208
0.0
0.14261194
3.0837803
0.42490244
2.4594321
0.0
0.0
8.609217
0.1845248
0.0
0.0
7.2285967
0.91430706
0.0
0.77666634
3.0235233
0.0
0.0
0.09065786
0.5183701
0.008913194
0.0
0.0
0.0
0.86309844
0.11365881
0.0054450473
3.112096
0.0015091117
0.0
5.1974993
0.0022355658
8.946515
0.0
0.0
0.3175044
2.5340593
0.027716968
0.0
0.676947
0.67386097
0.0
1.4581885
0.29083008
10.792047
0.0
0.29866165
2.565992
2.5010383
12.103806
0.33816895
0.0
0.25859705
0.09372402
0.67510533
4.812422
0.5375585
0.35581806
3.4073362
0.40363783
2.9669726
5.307485
0.11363605
0.0
0.0
0.0
4.802995
0.009424587
0.0
0.13770242
0.0
11.162834
1.9900489
0.014493302
0.1337327
0.0
0.027461153
1.1828296
0.00957818
2.4475546
7.33665
0.0
0.0
0.44908735
0.14694223
0.2791028
0.2766931
0.0
0.49876362
6.641769
0.0
0.37713462
0.6473729
1.5458287
0.0
0.0
0.33159265
0.0
0.4213886
0.0
2.4111645
0.0
0.0
0.0
0.0
0.0
0.0
0.21009457
1.4205831
0.0
1.0807747
0.0
0.3556042
1.5755217
0.1019922
1.0344868
0.0
0.08186061
0.0
0.0403235
0.0
2.0301862
0.0
0.0
0.019775422
1.2393408
0.69465315
2.780471
0.0
0.0
2.8516107
0.587035
0.048544776
1.4427958
0.9574362
0.0
0.0
0.07733928
0.0
0.030839488
4.490499
2.5678422
2.633674
2.1394787
0.0
0.9036289
3.7704053
0.0
0.0
0.21301831
0.0
0.0
0.1186628
0.0
0.0
0.047116913
0.017432053
0.0
0.0
0.1054953
0.2189963
2.009425
0.0
0.17776793
0.06481642
2.4377222
2.5450869
0.0
0.0
0.05846508
0.07451706
1.5680902
0.03467624
4.8500814
1.3791219
0.0
0.0
10.417464
0.0
9.331296
0.16613162
3.7880435
0.2571396
0.050332613
9.439502
1.0548407
0.48649237
0.3842763
0.020273516
0.494067
2.4507177
0.05104577
0.0
0.0
2.894204
0.0
0.0
1.2938584
0.045046404
0.19752969
3.99352
1.4511962
0.15632866
1.0952973
0.0
0.0
0.4108699
0.0
0.90489817
5.0775423
2.120737
0.0
0.34104463
1.9365572
0.5824387
0.0
0.6912292
8.222237
7.423401
0.0
0.00041985512
0.63792723
0.0
0.50785935
0.0
5.497337
0.11440164
0.0
0.0
0.010699049
0.6459785
0.4323341
0.16722955
0.0
6.2883477
0.005897196
1.74522
0.8097133
0.80922276
1.6291418
0.0
0.9565844
1.782457
0.0
0.04294315
0.0
0.22835629
0.0
2.1042798
0.51370794
0.024825256
0.18593763
0.3758728
0.6001446
0.0
1.791528
0.06869366
0.0
0.0
3.2916434
1.3660814
0.0
0.0
0.0
0.0
1.6321279
0.0
0.5702532
0.06674275
9.8930435
1.9276676
0.04204321
4.1261315
0.011382171
1.0926596
1.2417028
0.0020930378
0.0
0.0
0.0
0.0
0.0
0.0
0.69754887
1.6955601
0.01199479
3.681313
0.0057475176
0.0
0.3246035
0.0
0.0
0.0
0.11467199
0.99440765
0.17565948
0.0
0.044452824
0.0
0.34733063
3.777133
4.27805
0.0
0.0
3.65937
0.01856618
0.0038109848
2.289372
1.3255484
0.011939705
0.0
0.75640994
1.2568177
3.21044
1.3277678
0.0
0.0
0.0
0.010954
2.7241342
0.0
0.0
2.1228704
0.0
0.113256484
0.04208851
4.3247027
0.02819897
0.73155135
5.107693
0.0
7.798053
0.0
0.0
6.3088174
0.16341558
0.36193284
1.9656692
0.0
4.6855597
0.0003461254
0.35829183
0.0
2.4668887
0.06407173
0.0
0.0
0.0
1.0944065
0.07827451
0.047271207
0.0
0.0
0.4338725
2.1867607
0.59274405
6.7601204
0.5866207
0.0
0.0
3.6405158
0.0
0.016407492
1.9135011
0.0
0.07843318
3.4605496
0.0
0.0
0.0
9.373569
0.056102313
0.0
1.3000815
0.10495425
1.2195851
0.25297263
0.0
0.6422092
0.0
2.4828556
0.010948566
12.709386
1.4318365
0.0
0.0069986098
6.773594
0.0
1.2540709
0.2046022
0.0
1.9465005
0.0
0.0
0.0
0.0
0.0
3.3187447
0.0
2.8395317
0.0
2.0180545
4.3293695
0.0
9.168673
0.12322054
0.0
0.0
0.861794
0.9911243
0.0
0.6282312
0.0
0.0
5.457669
0.5268916
2.411961
3.250998
2.8567085
0.0
1.2270187
1.2421967
1.9619249
0.29245296
0.0
4.880358
0.7916288
0.0
0.0
0.1405531
0.00632688
3.7112408
0.0
3.0561657
0.0
0.83731914
0.0
2.8892903
3.6543891
0.004299003
0.018569617
0.0
0.0
0.39208388
0.0
0.0
0.02435947
1.8574693
1.4937012
5.1619024
0.003152132
7.264313
1.8304595
0.15255341
0.44799685
0.0
0.0
1.8400294
0.0
0.002288597
0.0
0.0
0.6735117
0.0
0.0
0.9378265
0.0
0.0
0.0
1.455748
0.058103893
0.36197597
4.98193
7.987429
0.34572855
4.6571064
0.26581544
1.3782843
0.0
0.1220262
2.3246965
1.740616
0.69847393
8.951504
0.0
1.7985696
8.778248
0.0
0.0442985
0.14782217
4.350689
0.06127822
0.44664627
0.23360524
7.583159
0.38901198
0.0
0.27848032
0.29583535
0.23508658
0.0
1.5324897
0.0
2.5625908
0.17305821
0.0
0.124367185
0.07054035
0.0
0.62683815
1.6969945
0.0
0.049586117
2.303731
0.0
0.0
0.04181551
0.44532576
0.31864285
0.0
0.7565534
0.11394548
2.7819262
0.0
0.0
0.0
0.1828755
0.0
8.041467
0.0
0.0
1.0488801
0.5749707
0.0
0.19396852
7.106885
0.0
0.9951734
0.0
0.0
0.0
0.0
8.814813
0.0
0.0
1.4058821
0.4861114
0.19483574
0.5175229
1.2483435
3.9700186
0.7709168
1.1262527
1.0417533
0.5054967
0.2760946
3.1683178
0.0
6.22998
1.6823821
0.31671217
1.9357153
0.20853938
1.7040374
0.09109008
1.1856196
0.020402908
0.0
0.085238986
2.7947836
0.08203998
8.407382
3.5633533
0.0
0.0
0.48743322
0.6086676
0.91797644
0.42814806
0.0
0.0
0.0
0.0
0.0
0.0
2.7238758
0.0
4.976666
1.5765148
1.7911223
0.08932006
2.6461701
3.0416586
0.0
2.6680462
0.017410353
0.0
0.0
0.0
0.0
1.1554899
2.449467
0.004840632
0.38230222
0.38850865
0.0
0.0
0.043594886
0.0
0.188914
2.756246
0.28564677
0.0
0.02568031
0.04351546
0.0
0.0
2.3383873
1.1444938
0.0
0.058628336
0.0
0.009246402
3.0956511
1.8718321
6.116589
0.40025625
2.34072
1.299085
0.01604776
4.2739058
0.090966195
2.7140238
0.22167502
1.433912
0.0
0.005360146
0.29244876
0.0
0.0
0.73826677
0.70793134
0.0024486585
0.49569055
4.3184547
0.0
0.0
7.6179104
0.07016034
0.16205342
0.07599703
0.68842274
1.0792843
0.0
2.528242
0.0
0.5931334
0.0
6.4121284
1.2311565
0.0610439
0.0
0.0
0.0
0.0
7.599505
0.0
0.0
3.888842
0.03189996
0.43439087
3.665664
0.0
2.2887244
0.011246618
0.0
0.16315831
1.0481812
0.8012182
0.0
0.0
0.35275054
6.232875
0.0
2.7645562
7.0441837
0.0
0.0
0.0
0.0013474858
0.0033038927
0.8146887
0.09676114
3.4403565
0.0
0.0
0.0
0.0
1.7658727
0.8277298
0.100821674
0.40124664
0.0035333293
0.0
0.0431593
2.9818795
1.8687805
0.4538895
0.2607477
0.0
0.9572107
5.0562553
0.88894814
4.962113
0.0
0.0
3.4685762
0.0
0.0
0.0
0.07703348
8.036566
0.019953296
0.0
0.0057232305
0.0
0.0
0.69848293
4.4835534
0.0
0.0
0.24110086
0.0
0.0
0.0
3.692149
0.0
0.0
0.0853667
2.132822
0.042004924
2.2285075
0.0
13.567822
1.8572129
0.0
1.542634
0.22461607
0.0
0.0
0.17338042
0.662127
0.2916611
0.0
0.0043479325
0.026062112
0.096139565
0.0
8.223867
0.042568967
0.0
3.2557936
0.0
9.549402
0.53824776
0.0
3.5122988
0.0
0.0
3.7607849
0.0
4.7311687
0.0
0.0
0.03873075
5.089776
1.040541
0.8056945
0.0
0.0
3.4884949
2.9370008
0.0
0.0
0.0
0.21269053
0.0
0.09042227
0.09538229
5.994308
0.5024012
0.65361905
0.8511264
0.0
2.2430966
1.9257336
0.0
0.17395873
0.0030076504
3.7885122
0.0
1.0357575
0.22251503
0.0
2.2320244
2.85683
1.1347494
0.031083057
2.581733
0.3094885
0.6992684
0.0012452602
1.1295502
1.361329
0.13819626
0.0
0.07252446
0.0
3.749063
0.20357403
4.5199714
0.025240391
5.2508664
0.0
0.0
2.23451
0.22998281
0.007484246
0.0
0.017950144
0.009113409
0.0
0.0
2.0795186
0.022736814
3.774458
0.11631042
0.0
0.36617458
0.0
0.384362
0.0
7.5561914
0.0
4.7428346
0.0
0.5358348
2.859925
0.0
0.0
7.9313064
0.0
0.0
0.0
0.0
0.003306362
3.0056918
1.671004
0.25919184
1.6725615
0.0
0.019415675
0.0
0.0
0.038105775
4.710174
2.1157722
9.153742
0.0
0.4224271
4.17721
0.027685262
3.9862926
0.0
3.126277
0.03652599
0.0
0.07298028
0.6014093
7.659599
0.0
5.8382754
0.0
1.0510685
6.8062444
0.056246318
1.5262655
0.25657827
0.4622323
0.39805213
0.0
1.2929811
0.0
0.0
0.6660316
0.0
0.0
0.0
0.0
0.054656655
0.0
6.554848
2.922311
0.8600229
6.6820188
0.89094526
5.552428
0.0
0.41943577
0.01297108
7.9287906
0.2746981
3.4937112
0.6676732
0.11925964
0.12321562
0.0
1.7310691
3.8941212
2.6070788
0.77350473
0.022890033
0.0
0.033251923
0.0
0.0
1.5906153
0.0
0.0
6.546399
1.0224377
0.048595805
6.902966
0.0
0.04618314
1.8531048
9.895451
0.4001968
0.0
0.12549374
0.15381122
0.0
0.0
0.0
0.07366825
0.0
0.0
0.43391278
11.317139
0.15526322
8.29512
0.14254129
0.0
0.62887037
0.0
1.0792534
1.9785339
3.219688
0.0
9.143191
0.0
0.44259325
0.03505543
0.0
0.020611947
0.22855575
2.8710244
0.0
1.8047628
0.8246992
0.089421205
0.0
0.0
0.035618354
0.0140044885
1.491359
0.0
0.3092044
0.26291844
0.0
2.3178465
0.0
1.421871
4.799318
0.4412912
0.0
0.069640025
0.0
0.0
0.0040072375
0.0
0.66241837
0.0
0.0
0.0
0.0
0.06340058
0.0
1.5342922
0.00036834698
0.0
6.986948
0.6092817
1.5160322
1.9546896
0.39479113
0.0
8.737966
0.3176278
1.3810297
0.0
0.46565866
0.0059354855
5.4975824
2.2780864
2.712732
0.0
1.1587851
0.96609545
0.09880133
0.78286624
4.211295
2.532291
0.0
1.4987549
0.7849559
2.1866057
0.0
0.9595273
0.0
0.0
0.0
0.03592836
0.008877287
3.4655514
0.0
2.1109405
0.02460266
0.0
3.2721763
0.0
0.0
0.0
0.0
1.8028144
2.0567365
0.001853168
0.0
1.4929541
0.0
0.010633989
0.0
0.0
0.04097406
0.0
0.17174023
0.0
3.056176
0.0
0.36904106
9.67173
1.0488174
0.007172874
0.0
0.0
10.992599
5.5794845
1.2819395
1.4504125
0.0
2.7332222
0.0
0.0
0.11081105
1.0152241
0.05052214
1.7441274
4.384092
0.0016823058
0.33919626
0.048074514
2.2994783
0.6517169
0.0
0.51911515
0.0
1.5446696
2.1830666
0.0
0.0
0.0
0.0
0.026871547
0.0
0.0
0.32876688
0.0
0.2985748
0.08446613
0.79984385
0.0
1.5711317
0.0
4.5535445
0.0
0.041108247
0.3307874
5.446091
5.393233
0.0
4.629822
0.5320713
1.0714363
0.21347673
0.86955965
4.7382913
0.0
1.7787241
0.0
0.0
8.110088
6.2616878
0.029858945
0.12898353
0.51443666
0.0
0.0
0.0
0.11952794
1.6592429
0.0
0.0
0.021676209
0.8311059
0.0
0.0
0.0
1.5134344
2.5963619
1.8856161
0.0
0.075844176
0.0
0.0
0.0
3.9256885
4.4334254
12.8164015
0.0
2.891529
0.038258906
0.073475845
0.15020986
0.0
0.0
0.0
0.31746265
4.2268023
0.0
0.04126129
1.2344569
0.004763263
0.046424743
0.0033735547
0.0
0.0041863043
0.0
3.050007
0.0
1.9838303
0.96835834
0.0
0.11279403
0.0
0.0
0.058406692
0.2879661
1.330981
0.006982492
3.8424773
0.10664777
0.0
0.007803333
0.0
0.47926763
0.0
0.0
0.52903616
8.302778
0.0
0.69373685
0.0
0.39946362
0.0
0.69389236
0.3439772
0.0
0.0
0.0
0.0
0.005784818
11.537928
2.7835805
6.5797653
0.0072053843
0.0
0.0073547605
0.0
0.11337919
0.0
0.15630467
0.15370516
5.5609274
0.0076624616
1.1014065
0.8629463
0.0
0.06037213
0.0
0.69259703
0.0
1.2733667
0.0
0.0
3.1826918
0.5869882
2.4133196
0.0
1.4692912
9.250376
5.646448
0.0
0.0
0.1767432
0.0
0.0
0.0
0.03721614
0.17871028
3.580202
4.1699643
0.0
1.4972992
0.0
0.042002153
0.0
0.0
0.0
0.0
0.0
0.0
0.03764745
0.55985755
3.241031
0.0
0.5464154
0.23398553
0.050943322
11.735197
0.025560545
1.8103112
2.383387
0.0
0.014099649
0.26514533
0.06906306
6.766791
0.4475048
6.862071
0.0
0.017463103
0.0
0.004838058
1.1187631
0.23229165
6.5256186
2.0540397
0.123209134
0.40178943
2.6893594
0.16306306
4.2177224
0.0
0.10637546
0.32945022
0.27744985
0.81157994
0.0
0.7413683
0.0
3.2934487
0.0
0.0
0.0
0.20104496
0.32076135
1.9770626
4.446674
2.2721474
3.895739
7.0284786
0.0
0.3589193
0.0
2.0708954
0.61953706
0.0
2.7142658
0.0
0.0
5.2748265
0.0
0.20204434
0.0
0.0
0.081708536
0.5421627
0.0
0.18217456
0.0
0.0
0.0
2.6364079
0.0
7.157991
0.23889434
0.022562368
0.0013462086
0.0
0.020286469
0.0
5.217239
1.223212
0.0
0.0
0.0
3.375834
0.0
0.060055222
0.0
0.0
0.0
0.0
8.933485
8.095497
0.0
2.1528893
0.0
0.52171767
0.5462282
0.02103824
0.12420784
0.0
3.3141248
4.273955
0.03606173
1.6094387
0.021954253
0.096409775
0.09721693
0.0
0.0
0.0145808775
0.0
0.116526656
8.288418
0.0
7.9025693
0.17632206
1.6260713
0.051140804
1.3436315
0.0
0.0
0.023195598
5.471562
0.83560586
0.0
0.0
0.022681275
0.37647367
13.724146
1.0890296
0.0
0.0
0.3171534
0.014241341
0.0
1.7922703
0.0
0.0
0.0
0.0
0.0
0.24558946
0.0
1.3061494
0.0
3.9417713
4.1807365
1.7711619
0.0
6.782871
2.821359
0.66718656
0.005671236
0.009825305
0.0
0.08555434
0.029869424
0.026038466
0.9709477
0.0
0.0
2.86683
2.2018085
0.0
0.0
0.0
6.2151546
0.0
0.49966618
0.09469456
3.4477081
1.315235
0.6998018
0.087068655
3.9706788
4.4207034
0.0
6.96923
5.694143
0.0
0.32496893
1.5192775
0.0
0.0
0.81905675
1.2290606
0.21188767
0.1297139
0.0
0.5221996
13.501873
0.0
2.450614
5.8234525
0.21637009
0.08207602
1.6436759
0.17384371
2.5342526
0.00086665154
0.0
4.1101036
0.0
0.7942472
1.5044165
0.0
0.0
6.915812
0.0
0.018499877
0.07152541
0.0
0.0
4.8799033
0.0
0.42545047
0.0
0.058021534
0.025492681
0.7034835
0.2430462
0.0
0.22558804
0.0
0.025326738
0.0070419577
0.35038105
0.8705628
0.0
0.0019853504
2.51784
0.0
5.846338
0.0
0.0
0.92538583
0.0
2.2791445
0.033321537
0.08372224
1.8117732
0.0
1.1480774
1.5287158
2.7343361
0.0
1.9954392
0.0
2.7771301
0.6526138
0.0
0.6504618
0.051610712
5.9976077
0.0
0.0
0.037225753
0.046692006
0.368101
0.5461248
0.38078332
4.1384773
0.14888987
0.0
0.3362607
0.3351042
0.0
6.704385
0.0
0.05864116
1.3657198
0.0
6.0666995
1.112942
0.0
0.0
0.002274299
0.0
5.8013678
0.9476311
0.09047666
0.06356916
0.94336057
0.0
0.032241028
1.307188
0.0
0.008134898
2.7545109
1.2934247
2.5497491
0.0
2.32292
0.0
1.7595701
0.17701834
7.6187363
0.24385123
2.5615628
3.9592113
0.0
7.953907
0.3811558
0.0
0.0
0.0
8.79073
0.41799355
0.08073736
0.0
0.0
0.003609852
1.4885852
0.45902687
0.0017513378
2.121059
1.601436
0.0
2.4772222
0.0
0.0
0.9752151
0.09953652
0.08769862
0.0
0.00081674906
0.12506379
0.15435524
1.5666642
0.0
1.3301202
8.248668
0.0
0.010546911
3.6377997
0.2688335
0.26047844
0.03704068
1.3467778
4.505749
0.095450334
0.13233957
0.0
0.7626566
1.7386185
6.5518985
0.0
0.0
1.2123605
