0.0
0.86667705
0.0
1.0462669
3.4858813
1.8035558
0.0
2.782907
0.0
0.0
13.214601
0.11363389
2.954852
0.0
0.11612644
0.15259025
6.2354383
3.9247682
0.0
0.0
0.033846486
0.55221194
9.48088
0.4138966
6.5390882
0.0
0.0
0.0
0.0
0.073263444
0.025273457
1.4116439
0.11871484
0.29179505
0.77572054
1.2457459
0.26461273
0.0
0.0
0.0
0.16467385
0.028850133
1.1430618
0.48430556
0.0
0.56992495
3.058555
0.0
1.465474
0.0
0.0
8.169157
0.40760168
0.03047807
1.7069423
0.0
9.704338
0.0
0.5193125
0.0
0.0
0.44846764
1.2160504
0.0
0.8380879
2.5427198
0.0
1.6838988
0.7599571
3.7928576
8.936316
1.1682224
3.3436067
0.0
5.572011
0.11599638
0.020415362
0.0
0.0
8.623121
0.0
0.0
0.0
3.6546655
0.9482961
5.1293745
0.4309437
0.0
0.0020598683
0.014237866
2.309909
0.20992637
0.42485964
4.7907596
8.33067
2.0733461
0.0
0.0
0.0
2.4453733
0.0
3.6795683
3.0178456
0.0
0.036554452
8.101623
0.0
0.0
0.0
0.0
0.0
0.0
3.6011004
0.0
0.0
2.2301548
0.0
0.749399
9.152289
0.0
0.038101066
0.39550942
0.13307455
10.188344
0.0
0.10032936
0.0
0.8172305
0.0
0.0
13.560067
4.0142574
0.017149877
0.0
0.0
2.7158446
0.0
0.0
0.049289715
1.9189634
6.4404583
0.0
3.9502769
0.8453498
8.137238
0.0
1.6983628
0.0
0.0
0.5728613
0.0
1.8624562
0.029801656
0.24681923
12.30313
0.9612489
1.8661371
0.0
0.0
2.2346797
0.07768978
6.674448
15.314709
0.0
0.0
4.7107053
2.0546303
2.4841175
0.20957497
0.48309934
0.0
0.5225016
4.096137
2.053644
0.0
1.7361268
0.0
0.0005257689
0.065102614
0.020705642
1.2985336
0.0
0.0
1.0361183
0.0
0.42374521
0.2630528
0.0
0.0
0.0
0.0
0.10507046
0.0
5.3469152
0.5098706
0.0
4.540755
2.181738
0.0
0.0
0.25608975
0.68092525
0.0
9.604496
0.0
0.0
0.47996774
0.0
0.01441578
0.36797982
0.0
0.003141374
0.0
0.0
1.6911808
0.016312234
0.006054966
2.6660156
3.3657217
0.0
0.41341782
0.1316581
3.5092802
12.426318
0.14579889
5.0702343
0.66622776
0.0
0.28214824
6.3442993
0.51672626
0.078779876
1.8453145
0.0
0.0
0.09466253
0.50062984
0.004156171
0.8300769
0.23376746
1.7240413
1.0528902
0.0
0.53336215
0.05748569
0.0
3.432818
0.0
7.7745643
1.2447366
0.0
1.5153732
0.23950614
0.0
0.0
1.5230778
11.689393
3.745061
0.026088072
0.0
4.667808
0.0
0.41468865
0.0
0.0
0.0
0.7297893
0.20334259
0.26255572
0.0
0.15090911
0.0
0.0
9.993061
0.0
0.2812528
0.0
7.9327927
5.7097855
12.818488
0.33332714
0.22378361
0.0
1.7517035
4.6774755
0.0
0.0
0.06781335
1.6624185
2.4130921
0.10954876
0.23543401
0.0
2.9211783
0.0
0.37481305
0.36267117
0.38192582
1.1698503
0.006084683
4.7963567
0.0116274115
6.6980615
0.0
0.037075315
0.0
0.0
0.8741229
0.40830156
7.68197
1.3092605
4.347531
0.0
0.2292998
4.622029
5.1645913
0.0
1.9201752
8.014971
0.011607985
0.32610866
7.2155147
0.037108846
1.7656147
7.8401666
0.0
3.708606
7.124695
4.055684
0.20430818
4.4350843
1.2525865
0.67475206
0.0
0.0
0.0
0.0
0.57010657
0.5840817
0.0
0.0
0.0
1.5993102
0.0054352623
0.053115387
3.9307797
0.0
0.0
0.5464679
0.0
0.0
0.0
0.0
0.16800961
0.0
4.8217354
1.1543036
2.7081394
0.6171524
0.0
0.0
1.137699
0.0
0.8421085
0.8294495
0.86991423
0.33190253
0.0
0.0
6.1644874
2.5861738
0.1869769
1.6541843
0.00040485422
0.0
0.7508561
0.38465822
0.0
0.0
0.0
1.2624449
0.02479554
0.885775
0.0
0.024015013
0.0
0.41564825
0.08414465
3.6817434
0.0
0.51226586
0.0
0.0
1.4114974
0.2554235
1.1868658
0.030617619
4.395558
0.0
1.3798692
0.38557115
4.68222
9.191283
0.0
0.0
0.0048887073
0.0
0.92093986
0.0
0.0
0.060033143
7.219395
0.0
0.0
0.0
0.0
1.1647153
0.6252139
0.0
0.67046005
0.16475777
0.0
5.2897983
1.8158412
1.8715758
0.71432793
0.9472781
0.0
0.0
1.6476221
0.053359084
1.3846264
0.8145487
0.0
1.562914
4.9695354
0.10903183
0.0
0.0
0.050073765
0.0
0.27393052
0.020715596
0.0
14.485836
0.19424725
0.021489097
2.5663621
0.14427657
1.07029
1.3450482
0.015079251
0.0
4.3745317
0.6284181
0.20749147
3.6660948
0.0
0.2762522
0.02453071
0.013986867
0.0
0.45874456
0.0
0.031353567
0.0
0.018970806
0.0
2.1839504
0.03339515
0.0
0.14431685
0.02324044
0.001953524
0.0
0.0
0.0
0.0
0.80845433
6.9045267
2.2816954
0.4092807
2.4146676
0.5478224
0.0035886583
0.0
0.0
0.0
0.0
0.100468814
0.0
0.84330857
0.0
1.1473621
0.0
0.0
0.0012115119
0.0
0.0
0.38741377
1.9406877
0.0
0.05476978
3.227532
0.0
2.894511
0.49422097
3.8807096
0.40992522
0.0
1.321146
0.013661238
0.25807357
3.5493052
6.730304
0.6986135
0.26124874
4.6386013
0.8026312
0.0
0.05312042
0.0
0.10297432
0.7205061
1.4614804
0.49607798
7.4685187
0.25317207
0.0
0.0
0.0
0.009877307
0.13412178
0.06471924
3.724781
0.0
0.0
0.10575575
5.5230503
0.0
2.674484
0.63060266
0.04919917
0.0
0.5132841
5.202442
1.4283777
2.528436
0.019974163
1.199787
0.0
8.580157
1.3685658
0.50720346
0.061567366
0.0
7.1933575
0.19648665
0.15574907
0.062845
2.5663598
0.0
3.8167908
3.8415701
0.35697758
0.0
0.01112969
0.0
0.0
0.0
0.0
1.834309
0.0035585165
0.0
0.38329878
0.0
0.039541606
2.3673933
0.0
1.129883
2.8126605
0.0
0.2776563
0.6503411
0.15181413
0.0
0.0
2.3447084
5.7354994
0.0
5.9594984
0.0
0.34885162
3.5316925
0.0
6.153548
0.0
0.48999292
0.09833424
0.0
0.0
0.12524675
0.13548833
0.0
0.0
1.6256367
0.0355187
4.6568093
0.24555697
0.0
0.051293463
1.139935
0.0
0.0
0.2990667
8.560239
1.2935069
0.0
0.0
0.13850725
0.46975672
0.11706928
0.2014955
3.4402263
0.24500988
3.6890063
0.0
1.0694708
2.072456
0.40703422
0.19940053
0.2971357
0.020689268
0.0
0.0
2.090073
0.054265812
0.23262514
0.73929906
0.061565433
0.00011927255
0.0
0.14056018
0.20727271
0.0
1.4594018
9.7779875
0.0
0.39761975
0.0
1.8302346
2.0039802
7.4080076
0.0
0.0
0.52324235
0.0
0.045919612
4.312757
0.15399662
9.833508
0.0
0.0
3.0638323
0.0836263
0.0
3.8259468
0.0
0.009826227
3.1376648
1.605184
2.0127358
0.35400802
9.2768545
0.17340204
0.0
2.3367038
8.93362
0.0
0.34602717
2.1646078
0.5250496
0.19522196
0.0
3.564907
0.0
0.20838037
0.153051
0.08439389
0.0
0.7151261
0.0
0.0
0.046634868
0.047137357
0.0
0.0
2.370861
0.0
6.1724386
0.0
0.006011155
1.1962646
0.0012395723
3.9483378
0.0
9.878927
5.8039737
0.0
1.6546233
0.0012838256
1.0913448
0.0
3.4852347
0.0
1.511595
0.40038186
0.0
0.0
5.346527
0.02783509
0.15090963
0.06386181
3.567058
0.0
0.0
0.0
3.514084
2.516014
0.0
1.7353139
3.015313
0.25169688
0.0
0.0
0.0
0.0
1.056583
0.0
0.46696794
0.32382783
0.0
0.0
0.0
0.11635487
0.53048027
0.18282911
0.0
7.2820306
0.85518616
4.7306786
0.0
0.0
0.5678242
0.044800643
0.0
3.5882561
0.0
0.0
8.823211
0.0
0.0
0.18344747
0.035249032
2.5721967
0.0020358562
1.1873267
0.6941078
0.009942443
4.964118
0.0
0.012810716
4.9125776
0.054149345
0.0
0.76207626
0.87937117
0.0
0.0
0.93832344
0.0
5.2748246
2.803437
0.0
0.869498
3.8354683
0.0
2.034577
0.0
8.159931
0.0
0.2539029
0.0
0.04829089
3.420355
0.0
0.0
0.6268624
3.517569
0.0
0.0
0.0
5.3115654
0.05925557
0.6612021
0.0
0.40926027
0.0
3.7746766
0.0
3.0650787
0.0
0.14929666
0.31556055
0.0
10.719351
2.4438217
0.0
0.12163006
5.7738585
0.0
0.15224376
2.6212292
0.58651435
0.027874187
0.61587507
0.52687097
0.24890316
0.14507245
0.0
0.0
0.0
0.0
0.0
1.1923232
1.2604212
3.4279497
0.0
0.6241267
0.13666585
1.3351828
0.6839969
0.0
0.0
0.0
0.087664306
0.0
4.1427803
0.64451206
0.0
1.0477374
2.123372
0.0
0.031214474
1.4392214
0.35463166
0.1730643
0.49368477
0.0523883
0.0650947
1.9389486
14.968718
5.6626706
2.8119698
7.3569903
3.2523072
1.4128186
0.0
6.634924
5.5023947
0.55462646
0.0
0.14062963
0.0
0.05881148
0.25917426
1.8965671
0.29527575
0.0
0.90560335
0.42476362
1.465428
0.0
0.3692022
0.0
0.115017064
0.0
0.0
0.0
4.8388247
0.0
0.0
5.5573077
2.726057
3.389349
0.9797109
0.0
2.596127
0.90743685
0.252909
2.0674324
3.990705
0.17138952
0.0
0.0
0.2970704
0.0
0.0
1.254839
1.4896846
10.203122
0.0
3.709098
7.3168964
0.0
0.36827186
0.0
0.0
0.050931823
5.691183
1.5682557
0.015681807
0.032826707
0.0
0.0
0.9065239
0.0
0.00049219327
0.0
0.0
0.98741674
0.0
5.08386
0.0029202334
0.0
0.11399244
2.938208
18.714462
0.3798273
0.24988472
0.0
0.5399324
0.0
0.0
0.0
0.0
2.0768547
3.1613352
1.4268677
0.0
1.6479675
0.0007821054
0.0
0.6313281
0.0
0.0
0.62308383
0.0058699455
0.0
2.5931013
0.40192515
3.0940886
1.3600162
0.0
0.0
4.3099785
0.0
0.7877162
1.6636255
0.57707983
12.71516
0.6298216
2.4173687
0.4892431
0.110691495
0.0
0.20427476
0.0
3.5355818
0.0047008847
0.0
8.417914
0.050654557
0.29180983
0.0
0.0
0.0
0.13791727
1.0157946
0.0
0.7179517
0.21374258
0.26149356
6.8525267
0.62151486
0.15936162
8.224685
0.0
0.22473127
5.441639
1.0847596
0.0
0.0
0.0
5.3982816
0.008382719
0.15403531
1.1111989
6.10045
0.0
1.0361456
0.0
4.373191
0.59091073
0.12469531
2.0341768
0.0
0.4817589
0.0
0.026736444
0.0
1.2591311
0.0
1.358292
0.041486517
0.0
0.0
0.0
0.0
3.3452532
0.0
0.5793586
0.0
0.0
0.8179275
0.0
0.0
3.8235216
0.0
0.27289814
0.4198409
0.82515585
0.8169965
0.0
0.0
0.0
2.9934378
0.49230364
0.07188837
2.1079957
0.0
0.0
0.0
0.64280766
0.5276434
0.032338068
0.0
0.7966362
0.0
0.8363643
0.0
0.34244868
0.0022519778
0.013745788
2.3572848
0.0
0.0
0.005471631
0.0
2.0422056
0.0
0.048669305
0.22627114
2.1246715
0.0
4.714392
1.0071155
0.0
0.4738321
0.0
1.3304718
3.013863
0.0
14.477299
10.853208
3.7614992
0.0
0.3807056
0.0
0.0
13.364647
0.0
0.15672167
0.0
0.0
0.16716659
0.47161037
0.4138826
0.0
0.0
0.0
1.0723635
0.03510917
0.29078227
1.6543609
0.0
0.093126625
0.6243933
0.02798135
0.0
0.0592803
0.017836172
14.2398405
0.0
1.2811589
0.092753485
9.1189995
1.9278762
0.0
0.8008524
0.0
0.012456505
0.0
4.289868
0.0
0.0
0.0019982518
0.7785586
2.0432668
1.7364854
5.699661
0.7616145
9.558414
0.033484157
0.0
0.008120946
0.11888281
2.576661
0.0
5.687059
2.8930044
0.0
0.0
0.0
3.863361
4.370956
0.0020520736
0.014813784
0.0
11.088843
4.091233
0.41431952
0.0
0.9661504
0.23878612
0.039829813
0.0
0.0013706149
0.5903267
0.0
0.0
0.0
0.0
1.4875997
0.0
12.808129
0.0
0.15940532
0.0
0.0
0.0
0.0
0.0
0.0
0.9567425
0.0
0.0
0.20645693
2.8688006
0.0
0.0
1.3029504
0.0
0.0
0.59887254
0.019682314
0.40587154
3.1892846
0.81412584
2.1943388
0.10869014
0.12983994
0.015867151
4.7981586
1.5524516
5.913904
2.8435
0.43308407
0.0
0.955052
0.04666953
1.1919048
0.0
1.3159093
0.29557806
0.0
0.001303629
1.0611926
0.03280013
6.357222
0.0
0.59109783
0.0
6.1499963
0.0
1.287294
0.0
2.1977243
0.17737345
0.0
0.60301125
1.4394104
0.17175542
4.5554805
4.396569
0.0
12.724433
0.57159656
0.016696366
5.4845357
0.0
0.9024117
0.12844771
0.0
0.0
0.0
0.035044882
2.6955628
0.51847506
1.4069877
2.5168912
3.2509208
1.8055372
0.046847094
0.10995353
0.05068283
1.6219735
0.9949494
4.7599177
6.5377245
0.0
0.0
0.47512743
0.0
0.017947834
1.1732854
0.37884855
0.22445889
0.0
0.12078326
0.0
0.8881422
0.17476328
0.0
0.0
0.10059316
3.3081064
0.15935336
6.1546373
0.64754045
0.0
0.0
3.1821225
0.10719443
0.0
3.0286593
0.0
0.29256654
0.0
3.295885
0.36908188
0.0
7.725289
10.79036
0.0
0.0
0.0
0.0
0.7481453
0.0
0.0
0.0
0.09890403
1.3566011
0.0
0.0
8.091285
0.25454727
0.88993025
0.30739257
0.08896891
0.0
0.85872376
0.0
0.0
0.0
0.044119053
0.0
0.0
0.0
0.50459486
0.0
0.3908942
2.2808163
0.0
2.6238894
0.0
0.091532335
0.0
0.0
0.06915854
0.07509245
1.3241129
2.226069
1.4431581
1.4612026
0.0
0.020117488
0.5796718
0.19021064
0.103049725
0.39673096
8.926109
0.033883646
2.750341
0.0
0.0
2.9496996
0.0
0.0
0.0
0.0
0.0
3.9744408
0.0
0.0
1.8857833
0.0
0.0
0.123643376
1.0454792
3.6486278
0.45022303
4.622121
12.2457695
0.06854309
0.0
2.2188206
1.3992585
0.43221477
0.09683556
0.0
0.42882052
0.35583767
2.986083
0.0
0.00022873587
0.20911859
0.0
0.0
0.0
2.009097
0.07948816
0.51525617
0.0
0.0
0.22889644
2.9698856
0.03278169
0.24495295
5.66183
0.07872709
1.3163518
2.4678142
0.136199
0.22380675
0.020847462
0.0
0.5590653
0.28209302
0.0
0.0
2.4595244
0.62216306
8.516899
0.0
0.0
0.0
0.0
1.1961905
0.0
0.0
2.5469668
0.0
0.040282696
12.256803
0.54599583
0.0
0.0
0.16395696
0.11495553
0.0
1.4992517
0.026040874
0.03456472
1.2436987
7.390781
0.0
0.0
0.7012364
0.0
1.3358501
0.10039714
0.13660349
0.0
6.0808935
0.71211326
0.008063049
0.28849447
3.0408893
0.8249043
2.6986654
0.0
0.31160116
0.01641273
0.0
0.2267586
0.0
0.0
0.0
0.4373346
3.8602552
0.49124372
0.0
0.6687409
14.230387
0.59129906
0.04698629
0.71793234
3.6029203
0.512138
0.0
0.038873196
0.8191389
2.9203386
10.590967
0.0
0.08151467
0.0
0.0
0.0
0.5867384
0.0
0.0
0.0
0.39253733
1.8040553
0.0
0.0
2.2097378
0.17925794
0.0
1.4040588
0.4069364
0.0
8.116147
0.0
5.6768074
0.03937956
0.16902484
2.7093055
0.45149767
0.14010149
0.84942347
0.43817115
0.0
0.8327738
2.2971368
0.0
0.0
2.2578301
3.1063979
0.07882041
0.0
0.859565
0.36331722
0.0
0.30757868
2.2686298
0.0
0.0
2.2491763
1.556268
4.888717
5.508708
1.0421013
1.9880525
12.263282
0.3038017
0.11450622
0.0
1.6536561
0.99258316
0.20408459
0.24428077
5.688001
1.5548677
0.00818997
0.044977564
0.46361074
0.47245812
1.4564153
0.21491873
0.5289451
0.0
4.1208506
0.0
0.17140272
0.0
1.4120483
0.03414677
0.0
7.960657
2.0916522
0.0
0.0
0.0
7.6636133
4.638769
1.5924908
0.0
0.0
0.0
0.81672025
5.7520094
0.0
0.0
1.329482
0.36613193
8.037151
0.0
10.768373
0.660722
0.0
0.0
0.0
0.088585444
6.952004
0.0007007219
2.816963
0.0
4.3789406
3.2816567
0.0
3.2785397
0.0
0.0
1.0780156
0.0
0.0
0.052277308
1.3143946
2.6274068
0.0
0.090610184
1.5800269
0.0
0.0
0.0
0.9386472
0.0
9.383133
4.210937
0.6512887
0.01810548
0.016046898
7.7719793
1.4358709
0.0022733407
0.0
0.84643406
5.8599815
0.96961135
0.3492129
0.0
0.012411833
0.0
1.6928116
0.10655041
2.5509152
2.8048954
0.0
0.0
0.0
0.0
6.153794
0.0
0.5828942
0.17406248
4.740476
0.41741538
2.4147544
0.99256766
0.7975913
0.040745717
0.12863229
0.0
0.25356948
0.0
1.0615323
0.22954236
6.4358683
0.07194002
10.949541
0.0
0.0
0.0
0.0
0.48264718
0.0
0.009907905
0.022095002
0.0
0.0
0.0
1.0367911
0.0
0.0
0.37534705
0.0
5.832808
0.011266521
0.10103827
0.0687697
1.9780141
0.05887707
0.0
1.474878
0.0
4.21253
0.7055796
1.1934304
0.0
0.087012194
0.0
0.0
0.0781688
0.0041568205
0.0
0.0
0.08050473
0.0
0.38165984
0.0
0.0
0.0
0.0
0.0
0.0
0.0
4.2124386
2.9108207
0.0
0.4882948
0.0
0.04021394
0.0
0.0
0.0
0.047484156
0.63218397
2.6605096
0.49639753
0.0161803
0.0
0.11168082
0.0
0.0
0.014807754
0.0
0.027801707
2.2320895
0.0
2.3256152
4.306161
0.0
0.0
0.0
0.14489497
0.0
0.07393788
3.4020338
0.1279329
0.0
1.2010145
0.0
0.80466634
6.441184
0.0
0.3210056
0.94588244
0.0
0.50100946
0.95148957
1.2037357
0.0
3.3529336
0.0
0.34696564
2.5231044
1.0485896
1.7080292
0.0
0.1983223
0.18470317
0.0
2.9821491
0.8515769
0.0
0.0
0.21818951
0.0
0.03323296
1.6450058
0.0
0.0
0.119117685
1.0937341
0.0
0.021810094
0.63902265
0.0
7.4805193
1.1935953
0.17978457
3.809024
5.055469
0.0
0.0
0.0
0.0
1.8032784
3.761959
0.0
0.4820471
1.0061897
0.0
1.4316514
0.0
0.0
0.0
0.72555286
3.548162
0.055562925
0.92586434
0.1636383
14.974075
0.19031774
0.6118368
0.007126132
0.0
4.050926e-05
0.23529445
0.0
0.4618797
0.0
1.6802194
0.0035664793
0.0
0.0
0.35226336
0.0
1.4577757
0.0
0.0
1.0738053
0.0
0.0
4.252137
4.7297807
0.14766574
0.0
0.0
0.0
0.0
0.0
0.0
0.0
0.021150062
0.0024304998
0.10780184
7.627328
0.025380986
0.0
5.893453
0.0
0.68583417
0.22496806
0.0
1.819974
0.0
1.999243
2.364777
0.0
0.0
0.9557642
0.0
0.20096596
7.977653
0.11130695
0.025671314
0.06559159
2.9304457
0.0
0.13350014
0.0
13.355401
0.0
0.0
0.24270844
0.0
0.0
0.42355978
0.0
0.17905441
0.0
0.0
0.0
0.0
9.617305
0.0
1.546933
0.0
0.0
5.8134193
9.28713
1.2912004
0.36071417
3.6675436
0.0
3.219305
1.2556931
0.0450977
0.013290339
0.0
1.5337017
0.0
10.463919
0.0
0.21258223
0.0
0.0
0.0416752
5.7386856
0.0
0.07715205
0.19945121
0.37142485
0.08457881
2.876716
6.1565495
0.0393098
0.40226454
2.2848685
1.5092236
0.0
0.0
0.0
0.0
0.0
1.9876628
0.0
0.54974234
0.70077825
0.1796885
3.4552844
0.0
0.030036377
0.0
0.2607445
4.1160073
0.0
2.4207923
0.0
4.729858
7.0008135
1.5558383
1.7118434
6.941775
0.2580578
6.480841
0.059133753
0.0
0.00720219
0.0
0.08385924
2.6588573
0.18863851
0.0
0.9926336
2.855723
0.13847925
3.1687326
0.0
0.0
0.2300321
0.030155791
5.4056153
2.9178436
2.0412958
0.017082917
12.347327
0.0
3.4726796
1.1473757
0.058283817
0.0
1.1006125
0.0
0.0
12.743843
3.2248278
0.00030595917
0.0
0.02206188
0.022731576
0.09323293
0.0
6.3836036
0.0
0.2242782
0.5896396
2.6048622
4.778862
1.637757
0.0
2.3343525
10.967281
0.0
0.05903486
1.3719437
0.0
6.585575
0.35352704
0.0
0.0073434333
4.226712
0.050647367
8.301832
0.3838927
1.5916432
0.015421731
0.020905096
0.00836385
0.8381709
0.0
0.9373324
0.12288148
2.4232037
7.0635433
2.3808703
2.2609162
3.7782166
1.7496194
0.415869
0.71366835
0.3114492
0.06296561
0.119918816
0.0
0.4344439
0.0
0.108690485
0.0
0.7873523
6.2649255
0.0
1.8789505
1.7882797
1.2308034
0.0
0.0015736575
0.0
3.230357
2.6860313
2.303852
2.170264
0.0
0.923481
0.09390363
1.2208363
0.0
0.04321319
0.07917432
6.9428363
0.0
0.18007353
8.172326
0.0
0.3204474
1.8437525
2.307996
0.0
0.0
0.0016187697
0.0
0.5292452
0.22437184
0.0
5.3834324
0.0
0.0
0.0
4.6730614
0.07987906
0.005242209
0.0
1.7494553
0.30001745
5.31982
4.192485
0.20699787
0.0
0.0015518349
0.0
0.34607413
0.026562326
0.0
6.1818304
0.0
1.8239044
0.41809362
2.956974
0.23465443
2.950722
0.0
0.0
0.0128357895
