1.6436583
0.0
0.0
0.12999555
0.0
0.6461999
0.0
5.40859
0.0
0.10067333
0.0
0.0
0.024586458
0.0
0.81330484
2.6541665
3.680273
16.329962
1.5029929
2.508677
0.100217335
3.2318177
0.84592944
0.0
0.12233584
0.11845599
1.0295485
0.48961794
0.19212788
0.0
0.32047242
0.0
0.10977767
0.45651942
1.91851
4.060251
0.4824665
0.0
0.0
0.0
1.686588
0.035545036
0.0067862393
0.0
0.0
0.0
0.0
0.0
0.09746917
0.076321095
0.0
0.0
0.0
5.867606
0.07402521
7.2120724
0.0
1.5372438
0.0
4.648983
0.0
1.2793384
0.05057842
1.3634835
0.0
5.0964665
5.6106997
2.4879093
1.3680073
1.4514726
0.19610658
0.6125239
5.700719
0.18980229
1.414099
0.0
1.1131593
0.17207198
0.0
0.8313956
2.2315593
8.834485
6.2063227
0.07461568
0.027489306
2.7879987
1.6548024
5.4976616
0.0
0.0
0.0
3.1322753
0.0
0.42492914
0.0
0.0018840687
0.0
0.0
3.0543334
2.302971
4.97902
0.0
0.0
0.039608356
1.1671585
2.445437
1.1253147
0.46401554
0.0
1.2999024
0.01904145
0.059683353
0.0
0.07575918
0.0
0.40133506
0.0
0.0
0.72363186
0.18722598
0.0
0.8889203
0.0
5.7053
0.50818807
2.5855274
1.0655079
0.0
0.11195301
0.0
1.0859122
0.0
0.02769102
0.0
6.9001737
1.0041424
0.20859286
15.997613
0.22828564
3.8409142
2.7403913
0.0
0.0
2.5564046
1.5068778
1.5439348
2.9117565
0.0
5.0065975
6.0143147
1.8855172
3.3101878
0.0
0.454656
0.0
0.0
3.6480541
0.0006156673
5.0639863
0.0
0.55413395
0.9212819
0.38808852
0.0
0.58906484
0.0
0.7704254
0.03171501
4.2308235
0.0
1.2395014
0.5608036
1.6242863
0.0
0.42199227
0.0
1.9307626
0.008565528
3.4172177
3.7215111
0.0
0.99697137
0.0
0.0
0.0
0.47380087
0.34160727
0.66949874
0.0
0.0
2.1065361
0.27805632
0.31447744
0.001107413
8.59155
0.65651834
0.654084
9.1830225
0.0
2.954254
0.0
0.0
0.0
0.11209956
0.004169802
0.0
0.3579825
0.36009914
0.0
1.5632727
0.66725546
0.0
0.0
4.354279
0.0
0.02441794
0.0
0.02570793
0.43022904
0.06333102
0.0
0.06742715
1.3994898
3.97411
0.0
0.025228737
0.011302369
3.3734362
4.0958695
0.18306866
4.211941
0.09480168
0.7286679
0.0
5.5217056
0.0
0.5327842
0.0
4.4630136
0.40977946
0.0
0.19698378
0.0
5.4024453
0.0
0.0
0.48263356
0.0
0.4308498
0.013806352
3.0715644
0.095701896
0.0
0.0
0.012142473
9.401153
3.291673
9.53105
0.0
0.15368259
0.0
4.202521
1.299152
6.0927043
0.004387067
0.27128756
7.9952855
5.1002784
0.58374536
0.07256061
0.0
4.910626
9.86729
2.9930356
0.0
8.981998
3.7060204
4.019729
0.0
3.098515
0.07957957
1.0117006
0.0
0.0
0.14227308
0.057876334
3.8330667
1.8940355
10.006353
0.22772266
0.0
0.43200314
1.1724335
0.0
0.07559794
0.03313848
0.0
0.1319084
2.370034
0.0
0.3686568
0.038436305
0.45881194
12.48426
3.6640525
1.9493712
1.7766138
0.0
0.0
0.45230067
1.8879706
0.049623128
0.0
0.0
0.120979466
0.0
9.526061
0.062011544
0.0
0.0
0.0
5.8950567
0.0
0.0
0.89000875
1.5742005
1.0051401
0.0
0.1596199
0.39821005
2.8733919
0.0
0.0
0.0
0.0
0.27119407
0.0
3.057707
8.77143
0.71087945
0.0
0.0
0.07836379
13.44342
0.0014541636
0.0
0.0
0.0128162345
0.0
0.0
2.0827377
0.0031190696
0.0
2.5967286
0.2185541
0.8142812
0.35058093
0.0
0.6576729
0.29879415
0.43871152
0.0
0.0
1.3755883
0.37920904
0.0792511
0.0
2.3634467
0.12132887
9.298713
6.8216424
0.0
0.21280949
0.14279273
0.06784054
3.2762322
0.017894492
0.0
0.011571641
0.0
3.723649
0.0
3.7165363
0.51715755
0.0
0.0
1.1574655
0.503506
0.0
0.30633414
7.507737
0.116419435
0.0
0.9379715
0.07749884
5.8777485
1.3116136
1.8836497
0.018707715
0.093685016
0.0
0.8766067
0.44727537
0.0
0.32171813
2.3101342
0.0
0.11674081
0.0
0.0
0.0
3.1265028
3.8253837
0.03360432
0.0
0.14438903
0.18225124
0.02204857
0.0
0.04126713
0.038652275
0.0
3.7855701
0.39965823
0.058341842
0.0
0.0
0.0
5.2407203
0.0
4.393811
0.035868317
0.0095533645
0.017990684
0.0
0.038820986
0.0
0.0
3.6294274
0.32951188
0.0
0.0
2.2735207
0.0
0.14907804
1.1352965
0.021060117
0.0
1.5579818
0.07189265
0.0
0.6726789
0.21380469
0.00033490997
8.78292
0.42317572
3.6506863
0.0
0.22596589
1.4643615
0.73041415
0.0
0.0
0.0
0.045826007
0.29265735
3.653815
4.023146
4.3980227
0.0
1.9689753
4.5267706
14.525722
0.038476996
0.8830494
0.0
5.1647224
0.0
7.1996474
0.0
0.8300725
4.9754543
0.0892939
0.0
1.6928242
1.1438639
0.6634226
0.0
0.0
0.0
0.0
0.2748704
0.03612909
0.0
0.0
1.2265924
0.050750304
0.0
2.3504658
0.2988686
0.0
1.577154
6.2854743
0.0
0.022670863
0.0
0.16427141
0.0
0.0436059
3.0461314
0.03814538
1.9000624
2.646503
0.0
0.14841092
0.0833018
0.062639356
0.0
0.0
2.4383495
0.0
0.11472456
0.0
0.0
0.0
8.208602
0.56979644
3.9214597
5.248124
1.8815181
0.20687403
0.5470218
0.06176742
0.36618754
0.32155994
1.0578033
0.0
0.00697133
3.4561684
4.1277103
1.3623037
0.20075479
2.43576
0.0
0.0
0.0
0.3229092
0.8730507
2.334811
0.0
0.0
0.0
0.7363773
3.8602831
1.8162581
0.0
0.06274827
0.0
4.423433
1.6495886
0.0
1.8109002
0.0
0.109819576
0.0
2.7587337
0.0
0.0
0.0
0.0
0.2272998
2.3095858
0.0
0.0
1.426023
0.0
0.0
0.0
0.07498342
0.07898788
0.00834485
1.0059248
0.0
0.0
0.003690002
0.0
0.0
4.4239144
0.0
0.40422893
19.88756
0.0
7.351149
0.0
0.0
0.0
1.1274446
0.57225335
11.2518425
0.0
0.69108814
1.7124761
0.0
0.22134337
0.0
0.0
1.2666926
0.0
0.0
0.0
4.869957
0.2891743
6.463162
0.0
0.0
0.0
0.0
0.0
0.0
12.012653
0.0
0.0
0.1612166
10.332134
1.5081537
0.0
0.0
0.0
0.0
7.454212
0.17591786
0.0
0.0
0.0
0.0
0.4393455
0.28201565
0.0
0.0
0.0
8.154399
0.26820928
0.018659912
0.01102221
0.5733276
0.5569169
0.0
0.013237944
1.6115139
1.9683539
0.0
3.692195
0.10433847
1.3941735
0.0
3.6674452
0.05607721
0.5038119
0.099483326
8.660794
0.0
0.13146101
0.075514056
0.0
1.0197005
0.0
0.0
0.4159067
0.730692
0.0
0.0023251164
0.0
0.0
0.0
0.060866795
0.0
0.0
0.0
0.0
0.2737596
2.4309003
0.09252647
0.05429212
2.099527
3.6799228
4.6591444
1.8285391
9.859997
1.4328388
0.0
0.0
0.0
0.0
8.159779
0.0
0.11702483
0.5974052
1.0039732
0.496905
0.040240005
0.91995084
0.0
0.0
0.15179619
0.0
3.1735156
0.0
0.11576141
0.01241299
0.0
0.0
0.9354235
2.6155255
0.0
0.0
2.066801
9.464915
1.832341
0.0
1.8882452
0.0
0.1336963
0.0
0.0
0.0
0.0
0.027913833
0.018670037
0.8012742
11.311014
9.343705
0.6601384
0.6268067
3.7411692
0.33362746
0.029850978
0.0
1.711633
0.46306333
0.0
0.014918368
0.8734469
0.0
2.296189
0.0
2.9913046
0.0
0.5369615
4.2994757
0.15675998
0.74663574
0.044733856
1.108141
0.99709797
7.399966
6.266725
0.77125084
0.021398146
0.0
0.0
1.1742406
2.987142
0.0
0.0
0.0
0.0
0.21644764
0.0
0.0
0.16327909
0.6191846
0.0
0.12414824
1.865329
5.8115077
0.7406817
0.0
0.008237359
0.49314195
0.0
4.6588902
0.01371825
0.44381204
0.3406204
3.408123
0.0
1.6852244
0.15063863
0.0
1.3544058
0.0
0.0
0.0
5.168538
0.0
0.19735935
6.3010316
0.3792614
1.6574861
0.3338289
2.652837
0.4902378
0.0
4.1948814
0.37588653
0.0
4.02338
0.03899582
0.056726374
0.0
0.0
0.021389334
0.23588628
0.0512783
0.0
0.004567358
3.9633665
0.0
0.0
0.0
0.0
0.055839688
0.0
0.37499106
1.8352244
0.0
0.6003589
0.0
0.0033757444
0.023206428
0.02238169
0.0
0.06293207
0.0
0.5790874
0.0
0.68592554
2.5477402
0.0023009581
0.0
0.0
0.11606593
0.0
3.5125632
0.0
1.3270595
0.0
0.6789017
1.5500548
0.11431229
0.7919634
0.0
0.0
0.0
0.79786825
0.30132207
8.602886
1.3508012
0.0
0.2617528
0.0
0.0
0.051956464
8.558289
0.0
5.4513364
10.091439
0.0
2.5367079
1.3971434
0.0
0.14889507
6.8818436
0.51542485
0.0
0.0
0.30700478
1.1959132
0.0
2.8875813
0.0
0.0
0.0
0.0
3.0391493
0.0
0.43669844
0.011410304
0.0
0.0
0.11123677
0.0
0.0
0.0
0.0
0.0
0.0
2.7732768
0.0
0.0
0.0
0.0
0.0
0.5436248
1.1177071
0.0071249786
0.0
0.0
2.5410504
0.0
0.0
0.6961228
3.3521707
0.0
0.0
0.0
0.19719753
2.3601034
0.41742542
0.12251713
1.2816172
0.0
0.16791044
1.1100051
0.0
1.7075396
1.0851263
0.0
0.0
0.8599536
0.0
2.3141658
3.714728
9.322067
3.9768648
6.8042564
0.27609473
6.543882
0.2688689
0.27314526
0.0
0.5692155
0.0115286745
0.0
0.0
3.898289
0.2551457
0.0
1.1328944
2.9810429
0.0
0.5748793
2.580525
7.272172
0.0
0.50216824
0.16080627
0.0
4.104768
1.4537296
0.008625298
0.01987435
0.0
0.0
0.0
0.0
2.0587585
0.0
5.1889095
0.0
0.9322224
2.6341305
0.043420564
1.7821459
2.383274
0.08800863
4.1813555
0.93519473
0.5925034
0.0
10.906025
3.6551425
0.0
13.944674
1.0372406
0.049478687
7.1846776
0.3097323
0.0
0.06296529
0.0
0.0
0.040176116
0.23647341
0.09603332
0.0
0.0
1.2019254
0.4947795
5.5397334
3.3517432
0.09547701
0.0
0.0
0.0
2.3270195
0.062412806
0.051325846
1.7292491
0.017780796
0.0
1.1345952
0.0
0.0
0.0
2.5757627
0.0
0.025346747
3.0055895
0.062007885
0.0
3.3140717
1.9431697
0.0
3.0246153
0.8391419
1.3307555
0.6311117
0.0
0.028684214
0.57085884
0.016133202
0.0
4.0284233
0.020521767
0.0
3.3017912
0.057254057
1.0064368
0.0
0.0
5.765657
0.0041970527
0.0
0.5658148
3.3849154
1.6251385
4.0078087
0.61826646
3.8692532
0.0
0.19660583
0.6142775
0.67543536
8.662313
0.19276391
0.26669532
0.0
1.4015794
0.1752707
0.0
0.0
4.4935265
0.0
0.64556843
0.20595196
7.180568
0.73808163
0.0
3.1172006
0.0
0.3018461
0.7531489
0.0
0.0
0.45513323
1.7495724
5.5741997
0.19660814
0.0
0.0
0.0
0.0001843073
0.06416716
5.1267896
0.46708536
0.2737419
5.3675795
0.791903
0.43588617
3.6738575
0.1308174
0.8806917
0.6580599
0.0
4.3527236
3.1733196
1.626707
1.803933
0.0
4.143769
0.0
0.0
0.07027773
4.3298516
3.4424598
0.058247842
0.0
0.0
0.42957813
0.009956802
0.9554794
0.018509569
0.0
0.28487563
0.0
0.0
0.0
0.0
0.0
0.38069436
0.16776504
3.0197358
0.0
6.737367
0.0
0.32618573
4.0875435
2.6146257
0.0
0.17501767
4.3860936
0.10472568
1.8820533
1.7929657
0.0
0.0
0.0
0.0
0.0
0.03177854
0.0
0.98291373
0.09306478
0.0
0.011032308
0.0
0.0
0.0
0.0
0.38149914
0.0
0.0
0.0038252654
4.415765
3.3201315
0.956427
0.0
0.0
0.0
0.0
0.064114854
3.2200985
0.37271094
8.417658
0.0
0.39117295
0.6040097
0.0
0.0
0.010230074
2.6220903
3.4077501
0.6445749
1.4116488
0.009290871
12.782789
0.7095856
0.29678667
2.3199825
0.0
0.0
0.0
0.008742778
2.1250353
0.025179503
0.017778415
0.0005532284
0.0
3.959455
0.17176105
0.4378164
0.2652787
0.13036774
0.98393154
0.9526919
0.1814451
0.0
0.0
2.4904861
0.11981512
0.9783825
0.30840072
0.0
0.0
0.0
1.5508126
0.7226939
3.774842
0.37592915
0.0
0.0
4.5934663
0.3305698
0.7529505
0.26467574
0.0
0.0
0.08069764
0.0
0.010934703
2.1995356
0.0
0.0
1.2584163
0.0
0.775265
0.0
0.0
0.19938956
0.0
0.07072503
0.0
0.0
0.009989859
0.16946715
0.0
0.0
3.1884754
0.0
0.8474691
0.114306524
0.0
0.0
2.2168758
0.016749995
3.023606
0.0
0.065751135
6.4744463
0.29408446
2.8000712
0.76259303
0.54444826
2.0461576
0.5335761
3.5241334
0.0
0.039125063
0.5822444
0.0040527317
0.0
0.0
8.272332
2.0898435
0.0
0.8457823
0.20322433
0.42994347
0.0
0.0
0.0
0.0
0.0
2.0943556
5.9272523
8.371003
0.012610031
0.0
0.0
3.6352654
0.14908874
0.12157088
0.0
0.006211714
0.055927366
0.22278336
0.0
0.287836
0.031868897
0.4733707
0.05509418
0.16568208
0.0
0.0
5.5562167
6.801041
0.018358761
0.0
0.0
0.0
0.0
4.6181026
1.2875403
6.3907776
0.21123022
0.0
0.0
1.0082588
3.254196
0.0
0.0
0.027071223
0.18484065
0.0
0.0
0.21663907
0.32505363
0.0
1.1628383
0.0
0.0
0.0
4.8152094
0.0
3.8529956
0.0
2.5413828
0.0
0.9540229
0.0
0.5504853
0.033375565
0.48859727
0.0
0.103228025
1.3781679
7.34125
12.565462
0.7152997
2.1377158
1.2967199
0.0
0.0
1.1439959
0.0
0.0
0.27436045
3.8994865
4.009046
0.0
0.0
2.6539512
2.4642975
7.614547
0.02338911
4.1933722
0.14822157
0.0
2.3745093
4.857216
3.1665204
0.0
0.12982291
0.0
0.0
5.670892
2.4282625
3.0206707
0.15789685
0.9075301
4.6872783
0.0
0.0
0.092304714
0.0
0.0
0.24556363
0.0
0.0
10.274494
0.24385212
0.0
0.0
0.00034282645
0.0
0.05185957
0.0
0.6575361
0.0
0.08698473
1.7175324
0.16532244
0.0
0.03928143
0.0
1.9448221
0.0652206
0.78487134
2.3467882
0.0
1.0253124
0.0
0.0
0.0
0.18521667
0.0
0.26033032
0.02480101
4.543783
0.49214932
3.6582024
0.0
0.0024641533
0.0
8.4271965
0.66116846
1.7448554
0.50948316
0.9963541
1.7211334
2.237955
0.028844547
0.0
0.00692966
4.66541
0.99056286
0.11621915
0.60630065
0.96914846
2.8611693
1.718079
0.0
0.0
1.0457275
0.0
0.0
0.0
0.0
0.44872603
3.6478596
0.0
0.9625445
2.7441497
0.2666057
0.0
0.12252009
0.0
3.8255062
0.276251
0.875731
5.1111603
0.035601176
0.16232644
0.5074327
0.0
0.0
0.0
0.19089234
0.049372196
0.91820395
3.6295555
12.026729
2.4524803
2.516384
0.0
0.17589289
0.0
0.036980413
5.671624
4.324494
5.415509
3.4503388
1.3215932
4.583065
0.0
0.0
4.0289974
3.8231
0.0
0.501816
0.46972734
0.0
5.322162
0.0
0.0
0.22272095
0.0
1.7481935
0.0
0.0
2.7394133
0.08269335
0.0
0.5450266
1.167983
0.2951868
0.0
12.76503
0.7734088
0.3832146
1.5362062
0.0
0.60268426
0.0
0.0
2.4361148
1.580754
0.02379216
0.011428232
0.0
0.0
0.9417438
0.0
4.1462154
1.0388973
0.0
0.0
0.03128648
1.700278
6.4855304
4.460561
0.0
0.0
0.92475426
0.0
0.0
11.569894
0.0
1.2865925
0.0
1.0659019
0.0
0.35930133
0.0
0.0
5.8730106
1.0023636
0.13375326
0.0
0.0
8.694596
0.09455189
0.0
1.5954189
0.038647696
0.20563106
0.09167658
0.0
1.3382193
1.294067
0.0
4.9079795
6.815634
0.0
0.0
0.0
1.7629833
6.3897753
0.9496371
1.9954294
0.16957991
1.1847535
2.1136253
0.40619403
0.61270326
0.72231287
0.0
0.0
1.3029846
1.1092995
0.0
0.7400456
1.4478384
0.9503339
3.8851342
3.4533298
2.1778078
0.0
0.03821273
0.0
0.88260496
0.0
0.0
0.0
0.9835253
3.0668526
2.307295
0.0
2.3901381
0.0
0.0
8.256004
0.0
0.0
7.047707
0.0
0.0075439606
0.0
0.18571372
10.345242
2.61816
1.8999836
0.0
1.8003892
0.0
2.1418629
0.0
0.0
0.043400824
0.0
0.08057547
0.0
0.0
0.0
3.6901865
0.0
0.054309368
3.0105608
0.0
1.8602991
3.4592042
0.36228704
0.79792225
2.1524754
0.052815117
0.0
1.2674878
0.0
1.1482141
0.0
0.2043155
0.15751377
0.012934045
0.0
2.6109917
0.0
0.0
0.0
6.177205
0.2224499
0.80675894
0.34658876
1.7321208
0.039910905
0.0
3.7574968
4.57537
0.28975675
0.0780529
0.0
0.041047845
9.981602
0.0
0.18791576
0.08389794
1.1719258
6.964198
6.55269
4.0012712
0.49895346
0.83823013
0.31735522
0.002246679
0.13354412
0.14964001
2.7219248
4.5924234
0.9042611
0.0
0.0
2.9730997
0.0
3.438335
0.64348036
3.472144
10.693773
0.0
0.0
0.00044615415
0.0
0.0
0.0
0.056698658
0.0
0.09592076
0.010295634
6.8969827
0.0
0.0
0.0
0.015299903
0.0
2.1659253
0.002477753
0.0
0.0
0.1237764
0.0
0.0
0.10690517
0.0724934
0.0
0.17725873
0.25333947
1.1944462
0.0
0.5877371
0.0
3.3471978
0.0
0.0
0.0
0.0
0.0
0.0
3.2981184
0.0
0.0
5.7293396
0.0
1.7306812
0.0
0.0
0.0
0.0
1.2416803
0.12077994
0.0
0.48858234
0.0
0.2428933
0.02028481
3.7684848
7.816048
0.0
0.0
0.2433132
1.6176645
1.664287
0.37551087
0.0
1.2727693
1.1130279
5.4778223
0.0
0.0
6.019591
4.5218563
0.0
1.423529
0.8942241
0.0
5.716423
4.026856
0.0
0.0
0.265164
0.9156238
2.2506933
0.0
0.8582239
5.368266
2.9564676
0.0
0.023264052
0.0038205239
0.0
9.073683
2.3168178
0.2515011
1.3367791
5.402673
0.52680993
0.0
0.10332858
0.0
0.899525
0.66105646
2.7738545
0.058855966
0.0
0.015102377
0.66734844
1.6467973
1.0653944
1.4163859
0.91417396
1.6317546
1.3557643
2.256581
4.9787064
0.0
6.491644
1.4200736
0.20833556
0.0
0.81238514
0.0
0.9521685
0.78197885
0.0
0.014260268
6.179667
12.451139
0.642996
0.0
0.51526445
0.13833393
0.11966289
3.0186062
0.84110683
0.0
0.0
0.0
0.009995675
2.2119236
0.0
0.0
0.9125077
0.0
0.39420888
0.6190939
0.0
0.0
0.32285917
2.828105
1.3942972
0.0
0.28560737
0.0
0.05320009
0.100283235
0.6071485
0.0
0.0
2.6262834
3.2703369
0.0
0.91596305
3.0690906
0.0
0.67149246
0.0091833025
1.4574517
3.2061963
3.4677014
0.35107446
0.0
0.0
0.0
0.15238744
0.0
3.4493165
0.0
0.0
0.0
0.6297865
0.0
2.3316462
0.0
5.4984674
0.0
0.03195786
0.09509186
0.0
0.0
0.276119
0.41463
0.72572047
0.11539856
0.04413126
4.377989
1.0340147
0.0
0.0
0.10716371
0.0
0.10302419
0.06994527
0.0
0.0
0.04007045
0.0
1.3282274
6.133347
2.8360777
0.0
0.8989227
2.8675497
0.28171182
0.0
3.7631538
0.026162995
0.0684215
1.6350647
0.0
0.0
0.30254534
2.1178806
3.5833404
0.0
0.0
0.014403387
0.0
0.0
5.5337934
9.200076
0.12768489
0.036483306
0.39062238
0.0
0.0
0.0
0.0
0.0
4.3863125
0.5369809
0.16083054
0.0
0.00097184523
0.0
0.0
1.7697412
0.0026001006
2.0694327
2.751281
0.0
0.035128165
0.025043862
0.0
0.0
1.4981806
0.13757296
0.0
5.3572197
0.0
0.630656
2.127828
0.0
0.6802141
0.051397115
0.0
0.799102
1.6768556
4.8131285
0.0
0.0
0.0
7.758113
1.9301995
0.15834007
0.0
2.80484
0.0
11.747872
0.0
0.0
0.0020323822
0.0803976
4.439228
0.0
0.021314504
0.0
0.0
0.0
0.017826062
9.922647
0.0
7.9583435
0.99246246
0.0
2.226049
0.573892
0.014402779
9.053466
0.023717713
0.11953383
1.1280985
7.2665195
2.172419
0.0
0.023499606
7.0845046
0.72256005
0.0
2.7691162
7.8770638
0.0
0.0
0.6951749
0.0
0.69850016
4.3192286
0.17025591
0.0
0.0
3.1522682
0.0
0.43001628
3.9850645
0.19323204
4.5951095
0.0
0.0
3.0038621
1.6073327
0.85999143
1.2113699
0.36840945
0.0
1.1507643
0.029735817
0.0
8.02394
0.0
0.004332231
0.10918576
4.6463447
3.4124255
4.504991
2.2929711
0.020825308
0.0
0.0
0.28503796
0.79796803
0.0
0.0
0.0
0.0053433157
0.0
0.07173609
0.0
0.0
0.0
0.0
0.16637282
0.0
0.42505088
0.0
0.0
0.0
0.0
2.56054
10.791334
0.83882505
16.775164
