0.0
0.0
0.49865583
0.07457361
0.0
1.953371
2.2797725
0.0018227465
0.0
0.26733908
0.42289293
6.0495
7.4459777
0.026193775
0.048437327
0.0
0.071794994
0.0
4.5961127
0.153422
0.0
0.024739737
0.76479614
0.0
0.0
0.9181528
0.0
0.11247279
0.0
7.3727465
0.0
1.1303364
3.3940706
6.0074244
8.280989
0.0
0.08718293
0.1542318
1.0478644
0.0610817
0.0
0.0
0.0
0.0
5.178839
5.0525208
0.029253537
0.0
0.0
0.11696183
2.4966736
0.0
2.5097866
7.218302
5.2660904
0.0
9.69722
2.613208
0.0
0.0
0.0
0.0
0.0
0.19517125
2.7647362
0.1840884
0.0
0.04964511
0.0
0.06259239
0.0
0.0
0.6658272
0.0
0.14543092
0.0
5.3616066
0.32973328
1.2602503
0.0
0.102694884
0.48735493
0.0
1.2274364
8.875345
5.6802387
0.0
0.008319222
0.0
1.9514626
1.498411
0.0035455567
0.0
0.0
1.0334119
0.0
7.1498694
5.626508
0.0
0.0030274123
0.0
6.1999016
0.3396219
0.073917665
1.9411005
0.505395
0.0
0.0
3.7700288
2.0420287
0.0
0.47978854
0.0
0.0
6.7679405
3.0570242
0.0
1.0952135
0.0
0.0
0.14137915
3.7189333
1.9218314
0.13517597
0.07173172
0.78315234
0.17925464
0.017834425
0.35652843
0.12234131
0.28666422
3.2248943
0.9306177
0.0060167215
10.305246
0.0
0.0
0.0
1.3025671
0.25400782
0.065116934
0.0
0.022066686
0.0
0.0
0.0
0.6662512
1.5521078
0.5098299
0.04461405
0.83926576
0.0
0.048496783
0.0
0.0
0.0
0.0
0.0
0.018255021
4.78063
0.2477927
0.0
0.10991042
0.0
0.0
0.04301283
0.0
3.38155
0.61674887
0.0
0.0
0.0
0.055552572
1.9332933
0.0
0.0
0.22509803
0.024479898
0.20050469
0.93999124
0.0
0.068544775
0.5025084
0.0
0.0
2.1534283
3.2317626
3.5768816
1.591507
1.5310111
1.4551268
1.5146912
0.18133436
0.6431428
6.175331
0.04120096
0.0
0.0
0.0
1.9895782
5.24203
1.0528946
0.0
0.99155766
0.0
6.1651144
0.0
0.0
0.7981949
3.1869965
0.11069224
3.2004905
0.8389354
0.016723147
0.10564736
0.0080585
2.117748
2.055088
0.0
4.9173775
4.50563
0.0
2.3296435
5.1489053
0.0
5.0258827
4.034128
9.081361
0.0
4.4667172
2.1037312
2.5945446
0.6311367
0.2564109
0.0
5.510899
0.69900864
1.6964345
0.0
0.0
2.3710556
0.4084754
2.1325712
0.0
0.0
0.30670056
0.0
2.5020027
0.0
4.3601413
0.0
0.0
1.7873188
0.6319766
0.0
0.0
0.0
0.5776733
0.46658748
0.13539128
1.7470292
0.0
0.0027169185
0.0
0.14825955
0.2119058
2.0568097
0.023187293
3.873536
0.0
0.048739415
0.11420091
0.07564083
1.2733546
4.428218
0.6590617
0.0
0.18275177
0.0
0.61532015
0.0
0.0
0.0
0.26907378
0.0
7.167956
0.0
1.8621465
0.32442433
0.20145975
0.0
0.0
0.0021239251
1.2331866
0.0
0.05118858
2.2109277
2.8247266
0.0
6.735197
0.28016964
3.6695325
0.2986262
3.1160977
10.646265
0.3192606
0.0
0.0
0.0
10.535009
0.0
0.0
0.15079229
2.0211759
0.32284614
0.0
0.031331953
0.054814853
0.029133748
0.007826233
1.6164591
0.0
1.4941769
0.0
0.0
8.792065
0.09629917
3.6211488
0.056521367
0.78206617
1.7747695
0.0
0.003804752
0.02407923
0.0
0.94004464
6.4738235
0.0
0.0
0.0
0.24129173
0.0
0.0
0.48350692
0.8944263
0.35522342
0.0
0.7560605
0.0
0.3440947
6.1035395
0.0
0.5017008
0.0
1.4573803
0.5122382
0.0
0.15491895
1.6667492
0.0
0.71372175
4.2147083
0.095817186
1.5684391
0.39322907
0.0
0.0
1.3562695
0.24764803
2.6031055
0.0
0.0
1.0822318
0.079302505
2.0544474
2.1574106
0.0
0.0
3.2975647
0.5779439
0.45044124
0.39385152
2.5886762
0.60288864
0.0
0.0
0.0
0.10547874
0.106509075
0.0
0.014451786
0.18027006
1.1112759
1.483285
0.047348663
0.87182796
0.0
0.0065042144
4.0390463
0.0
0.042076107
0.014305144
0.0
0.038108427
3.686333
9.902706
3.5420086
0.03789601
3.7905526
4.1932807
0.2743706
1.5888479
0.0
0.045484763
0.0
0.0566004
4.4720273
4.500807
3.7254517
0.0
6.246987
1.3874409
0.0
0.0
0.76011294
1.7902068
0.0
2.8488007
0.0
0.49392214
1.4509671
2.1362743
0.0
0.7905586
0.0
1.984901
0.0
0.0
0.0
1.6714438
0.0
0.18765773
0.0008644036
0.31390193
0.322736
0.031474665
1.446147
1.1368716
0.37736362
0.0
0.29343632
0.0
0.44073066
1.4903454
0.30302677
0.0
0.0
2.9150033
0.0
0.0
0.20322436
9.864382
0.6826428
0.0
0.0
0.34809744
0.0
0.0
0.0
1.8828402
0.0
0.0
0.0
0.0
0.42525634
0.0
0.12920089
0.0
0.0104943
3.874691
0.0
0.0
1.2180865
0.36972085
0.0
0.0
0.06803512
3.0896075
3.8264477
0.083544165
0.7096766
0.0
0.4322289
0.23010783
0.048562437
5.012147
1.048818
0.0102554
0.019702636
0.017263534
0.13429062
4.9917917
0.0
0.0
1.4972446
1.3242549
1.3270563
2.185126
0.0
4.0623975
4.3668175
0.14403339
0.07773914
1.1925219
0.30667174
0.025807519
0.0
7.8799596
0.0
0.07753494
0.0
0.09537773
0.12532897
2.4117994
0.21247533
0.41806573
1.756004
0.0
0.0
0.3296111
0.14133345
0.0054158336
0.027265502
0.16837303
0.8440269
0.0
3.7220604
0.0056758462
0.0016909083
0.0
0.0
0.0
0.0058512054
0.0
1.1108285
0.09057697
0.60305387
0.0
0.0
5.5132074
0.028641358
0.26733756
0.0
0.083093576
0.056464545
2.6219127
0.0
0.0
0.10227953
0.0
0.0
0.9030981
0.0
0.0
0.36917385
0.01031673
0.4723686
0.0
0.0
0.0
0.53237915
0.0
3.6620727
6.3737116
0.027375303
0.001019518
2.956584
0.0
0.33184367
0.011434351
0.0
0.0
0.95243573
0.0
0.03639095
3.6491292
0.0
0.09083334
2.49716
0.8095752
0.0
0.0
0.0
0.8059177
0.19896051
2.4405727
0.0
2.4192584
0.0
0.038787887
0.0
1.998146
0.0
0.0
0.020495662
3.035082
0.11046458
0.31751466
0.22068717
0.0
3.7145212
0.0
0.07175173
0.0
0.0
0.0
1.7313478
1.9835913
0.0
0.09219277
0.0
3.2471676
0.0
0.0
2.8809965
0.44028598
0.012030414
1.9873743
1.6797171
1.5974147
2.8801079
1.1631584
0.0
0.0
3.180141
1.9409994
3.1962206
0.03273314
0.0
1.0656935
0.0
0.015670864
0.0
0.06404984
0.45915315
2.8208988
3.6143749
0.0
1.6488473
2.4007607
0.50957686
1.715371
0.0
0.026463572
2.0153425
0.2887697
1.3585932
0.010808942
3.8268185
0.06974288
0.0
8.484825
0.31292173
6.037416
0.16456838
0.72075874
0.89494675
4.765712
1.1150359
2.0492413
0.0
0.5835544
0.07879183
0.007136666
4.156229
0.12168925
0.41738972
0.0
0.0
7.152748
0.0
0.006240066
0.0
0.0
2.2641122
0.0
0.04385347
0.0
1.2643852
1.2204942
3.9764261
0.19946374
1.3390173
1.6165775
1.1163585
0.0
0.12595493
0.0
2.127872
0.41605872
0.0017877915
2.9407442
8.923929
2.3724499
0.028845487
0.0
0.0
0.0
1.6037652
0.0
0.0
0.09937706
1.8911198
0.0
4.0702095
0.23975167
0.0
0.0
1.2570876
11.161525
0.6746175
0.6367103
2.9521942
2.4714901
0.0073786173
4.932018
0.12861115
0.0
0.0
1.0678723
0.0
0.6015792
0.64481527
0.3607168
0.0
0.0032414757
0.0017200416
0.0
4.502523
0.4367229
2.7305663
0.0
0.39744785
0.0
0.417525
0.09684576
0.0
0.54140216
0.0
0.34404334
0.0
0.22580981
0.091609165
0.010026888
0.89655787
0.14777495
0.076266706
0.0
0.0
0.0
0.0
6.0863357
2.0333045
0.0
1.6688231
0.0
0.0
0.0
5.1262126
0.14021611
0.0
0.0
0.0
0.0034909686
0.0
0.03531211
0.0
0.75598
0.17438164
0.0865353
4.0890527
1.4905807
0.0
1.832956
0.20015512
0.05782749
0.0
0.1710911
8.868914
0.0
1.1119184
0.0
11.959098
0.0026238135
0.5846882
0.0
0.0
1.1381754
0.0
2.496628
1.2636073
3.7211027
3.0919666
3.206983
0.026170602
1.30845
2.7235188
2.622989
2.4036412
7.4871783
0.0
0.1507901
0.5093524
0.0
0.0029202383
0.0
0.8560171
0.16071235
0.030907407
0.11047741
0.23590744
6.8828597
0.03018766
0.0
0.7307292
0.061221547
0.048765328
0.0
8.590575
0.018014597
6.090692
1.336751
3.441873
0.0
0.0
2.9534986
0.10174074
0.5207949
0.0
1.3792664
4.9013352
2.891608
0.108303554
0.0
0.84900767
0.2944439
0.8190346
0.0021678768
0.0
3.676303
0.2107115
2.8678606
0.0
0.0
0.93116206
0.002941791
0.0
1.3907795
0.0
0.0
3.6474872
2.3094318
1.254059
4.8168526
0.0
0.84027743
0.0
0.0
0.0
0.0
0.0
0.93778354
0.50647396
0.0
0.31356356
1.0690653
0.0
3.1280224
1.6873031
0.039690983
0.21698034
0.0
1.5075047
0.020279802
0.0
0.03501655
2.520211
0.0
1.1344233
7.0131884
0.0
0.0
0.7422182
0.0
0.11851152
1.2586105
0.22753984
0.0
0.0
0.18557578
0.0
0.057412684
0.0
0.030703828
2.684018
0.4971671
3.8451803
0.500458
5.3199286
0.0
0.0
1.4350742
0.0006519045
1.7131826
0.0
0.0
0.48175174
0.45600525
1.3884562
0.039041735
0.0
0.0
0.0
2.5050817
0.0
0.0
0.008516209
0.19894795
4.471081
0.92025983
0.0
0.0
0.0
0.0
0.0
0.0
0.0
3.2321641
0.0031543118
0.0
3.0410683
2.2688007
0.041670114
0.0
0.10705417
0.0
6.559187e-05
0.0
0.048000444
2.8865073
0.17476776
0.48125982
6.3174553
0.0
0.0479166
3.7453146
3.5894518
0.0
0.02724196
0.7231728
0.10577511
0.0
0.4669355
0.0
0.0
1.3748237
0.0
8.583373
0.04964522
0.0
3.814155
0.0
0.0
0.0
0.0
0.013089462
0.03195697
0.0
2.180326
3.9589581
0.0023035516
0.0
6.014116
0.0
0.0
0.31473294
0.0
2.357805
0.0
0.17692567
8.050589
0.0
0.042150836
0.0
0.016612895
0.015670728
0.0
3.0945513
0.09213263
8.204033
0.0
0.26342916
1.7546587
0.081845604
0.0
0.16943355
2.875405
2.5454109
0.0
0.2697356
2.9208758
0.0
1.1732472
0.0
0.0
0.36067164
0.0
0.50419223
2.4761195
0.1082454
4.166183
1.2193384
0.0
1.0742453
0.36546507
0.65193945
0.7262981
0.06870159
0.3874008
0.0674497
0.0
0.23637822
3.8522449
3.540511
0.84035385
0.0
0.0
0.37547
0.7338249
4.685346
0.056474384
0.18169929
0.0
1.7760942
0.0
0.0
0.58573467
0.0
0.0
0.33914745
0.0
0.13889563
0.3632178
3.449761
0.03021186
0.0
0.99936825
0.0
0.7925632
0.77631056
0.11617371
0.0
0.0
2.0201967
0.19245228
0.260054
0.06088608
1.7766237
0.8153411
0.008674296
2.9617481
4.2370515
0.03409837
4.3705277
0.0
0.08233165
0.0
0.69963515
0.0
1.0879456
0.0
1.4062204
0.0
0.0
0.0
1.7162746
2.4810271
0.0
0.0
5.446498
0.0
0.0
0.0
4.0993576
0.0
0.0
0.15609273
0.0
4.189522
0.0
0.011790424
0.7027905
5.9301753
0.86323595
0.68983847
0.0
0.74663895
0.0
0.48858926
1.6076741
0.0
0.0
0.03278497
0.0
0.3968261
5.8208165
10.881172
5.3245673
0.045512483
0.3042272
0.0
0.0
1.4742798
1.7312244
0.0
5.3683367
0.0
1.6177255
0.0
0.0
0.0
0.16297902
0.0
0.021563713
0.0
0.0
0.11631765
0.9304265
1.3887706
0.06562963
0.0
2.9128847
0.060499065
0.0
2.4682975
0.0
0.93069863
0.8056483
1.6104426
0.0
0.0
0.0847368
4.7702637
0.0
0.0
0.0
0.0
1.6220994
0.0
7.990944
0.38239107
3.4271345
0.3705237
0.488798
0.0
0.0
5.7031803
0.0
1.2221196
0.0
0.055370152
0.27543548
0.023677683
0.0
0.0
0.26635194
0.0
0.019039856
0.0
0.058282472
4.401592
0.027112063
0.0
0.9376416
0.0066984915
5.432895
0.6654416
0.0
0.0
0.45327812
0.0
0.005720725
0.31863904
3.7608225
0.4105322
0.0
0.380449
0.0
0.0
0.0
5.0994034
1.7578701
0.0
0.0
0.0
0.0
0.0
6.5922365
0.7944415
2.7429507
0.052752446
0.03849836
2.1704192
0.028452545
0.014863726
0.21625723
0.0
0.44401154
0.0
0.007655601
3.0913012
0.6172863
5.4241624
0.5523003
6.4906144
0.0
0.048886698
0.09817989
0.22126733
0.0
0.9599703
2.5857103
0.9062469
2.6104767
0.0
0.0
0.0
0.0056844656
0.38960445
0.0
0.0
6.637326
0.0034266151
11.581371
0.0
0.0
0.04820376
1.7676865
0.43016383
0.0
0.110018656
0.22936153
2.5469816
0.053888813
0.0
1.9472666
3.706123
3.2454865
2.7932715
5.6872663
0.0
0.0
0.0
0.0
5.243421
1.2373459
0.34160146
0.31814194
0.0
0.0
0.0
0.1449664
1.9226131
0.0
0.8795667
0.69960374
0.2887008
0.0
0.0
0.7282254
0.18051976
3.568576
3.2094364
0.0
0.0
0.0
6.6770105
0.0
0.0
0.0014993439
0.32331333
1.0840237
0.61934197
2.340577
0.71198815
0.0
1.8591678
6.7242966
3.1791725
0.02099856
0.0
0.090554394
3.3368926
0.0
0.026594223
1.8214809
0.0
0.0
0.0
0.0
1.1383365
0.6558756
0.99389887
1.5238076
0.05725098
0.9575065
0.76572186
0.13889053
0.0
2.7538474
2.2269282
0.034807503
2.4179919
0.0073238537
6.998914
1.2643447
0.027634747
2.7360446
0.0
0.29896346
2.3492393
0.0
0.0
0.0
0.0
0.0
6.157847
1.3209376
0.0
0.0
2.894171
3.4189548
0.01116395
0.0
0.0
0.11057517
0.34501955
0.022684826
4.020389
0.0
0.4795428
0.13234729
4.689663
0.0
0.0
0.0
1.3658111
0.0
0.5621046
0.06504434
1.7653295
0.46317828
3.417452
0.0
0.5743861
3.4671113
4.540499
0.0
0.0
0.0
0.0
0.0
0.23817813
0.1189005
1.4982839
2.958599
0.0
0.18013908
4.266393
0.0
0.0
0.17270674
0.080804616
1.7960651
0.0
0.7278346
0.23393282
0.05260894
0.0
0.0
0.0
5.1404924
0.2467815
0.0
8.002433
0.78999054
0.05172589
0.124278106
0.0
0.098863155
0.002043286
2.939336
0.0
5.895512
0.0
0.078245
0.0
0.8313131
7.6674194
0.0
9.548398
0.0
2.25712
0.0
0.49999532
0.4768439
0.90683573
0.0
0.0
0.0
3.127406
0.0
1.8305379
0.0
0.0
0.0
1.0532254
0.0
0.08816863
0.26701462
0.17898384
6.0953326
0.0
0.04163386
3.7144904
8.03911
0.016844943
0.58591354
0.28908992
1.1234232
0.00456692
2.4685469
0.0
0.014774985
3.2665873
2.8521678
0.0
0.0
0.033348225
0.0
7.2282486
0.3450503
0.94707763
0.0
0.0
0.0
0.0
0.039046608
0.0
0.0049235965
1.4170569
0.05532317
0.008020425
4.472375
0.23500463
0.0825977
1.7918849
0.32092252
4.5839877
1.8418491
0.33785295
0.01332229
0.0
2.623599
3.0817156
0.0
9.185809
0.1973416
0.30170608
3.295261
1.2429031
0.0
8.29773
0.0
0.0
2.3756604
0.6148057
0.018505996
5.968778
0.042626195
3.354443
0.0
0.28944963
0.0
2.3866441
0.0
0.0
9.025056
0.0
0.0
0.0024461988
2.7813914
0.017095875
4.259382
0.0
2.1664743
0.6896167
1.7569139
0.0
1.2388808
0.06784519
0.0
4.268793
0.49968925
0.43157366
0.0
0.441898
3.6449528
0.0
0.1486121
0.0
0.0
0.013404544
0.4722123
0.603868
0.0
4.160162
4.3118715
0.181305
0.0
1.7964782
0.0
0.5899834
0.0
0.0
0.019652186
0.0
0.0
0.0
0.027851727
0.5885617
0.034613676
0.26607028
0.04234191
2.1419811
6.7366676
0.0
0.0
0.033862054
0.0
0.05085144
0.00026860042
0.21506463
0.0
0.027019843
0.0
2.71488
0.0
0.0076829586
0.0
0.0
0.0
1.604543
1.5665374
0.0
0.03385239
0.0
4.383333
0.11332579
0.0
0.97879
0.057157993
0.0
0.0
1.3606632
7.474589
0.042152822
0.0
1.6910617
3.563425
0.0
0.8437229
0.0
9.9697275
1.060662
2.2618034
1.3355916
1.2204777
0.5787584
3.9898975
0.013913278
0.0
0.043010786
0.0
0.21553127
0.0
0.02255267
6.8583536
3.161234
6.9015617
0.5846323
0.004088718
0.0
4.38347
0.04259314
0.0
1.2012645
0.00391612
0.7397562
0.5668677
0.3624167
8.815549
0.02344687
0.8385608
0.0
0.9123398
3.4259427
0.024923636
1.2172452
0.0
0.0
4.350282
0.08314474
0.5175894
0.016398178
0.62853783
1.7949026
1.6390992
0.27438143
0.0
0.20585027
0.086694844
0.0
0.12126325
0.0
0.0
10.004853
0.0
0.0348033
0.03479368
0.024689857
10.086938
0.0
0.016650852
0.0
0.15137954
4.5251126
0.29448727
0.56321704
0.0
5.441119
0.749261
0.5176725
6.4032245
0.024562472
1.4114323
3.8860059
0.5605475
3.8322327
2.899421
7.2410936
0.0
2.75696
0.091716886
0.075993404
0.0
1.2753885
0.23915124
3.3059206
0.0
4.185197
2.386548
0.0046605626
7.493669
1.0407426
0.0
0.073798336
0.80659693
0.0
0.073189706
0.0
0.0
0.0
0.11025347
0.0
0.0
2.817976
0.0
1.9652264
5.492723
1.464181
0.0
0.0
0.0
0.0
0.0
0.0
2.2874908
1.1858953
0.0
0.445103
0.38148928
0.1676983
0.0
2.401793
0.24583758
2.3672764
0.0
2.9803038
0.76173204
0.06795613
0.29868475
0.87658316
0.018661156
3.1163626
0.0
0.0
1.1294367
0.34652534
0.0
0.18862993
1.8308313
0.8540088
2.7318382
0.0
0.0
0.0
5.7665935
0.0
0.68096817
0.0
0.4652295
2.8563633
0.0
0.0
0.0
0.64706796
0.009566152
0.067814514
0.0
0.0
0.20324883
0.0
0.0
0.0
0.0
0.9084684
0.0
0.7044647
1.364615
0.0
1.296637
1.2800937
0.0
3.0543897
4.32406
0.0734767
0.0
0.5653877
0.0
0.0
0.0
0.0
0.0
0.6569778
0.16781685
0.7848231
1.9854472
1.5458649
0.0
0.16140817
1.7882655
0.0
0.0
0.27470198
0.0
0.0
2.4076157
0.0
4.1855597
0.12423788
0.0
0.0049779853
2.449165
0.0
2.7805939
0.31899112
0.0
0.0
9.716668
1.7259165
0.03365722
3.590993
0.0
3.0437157
0.9703267
0.0
3.1455283
0.2204792
0.18224826
0.0
0.10968947
0.09803451
0.0
0.005634074
0.14364593
0.065152615
0.0
3.2584462
0.39024755
0.52698183
1.3173875
6.2592425
0.43509996
0.99777824
0.19298422
0.21770643
3.1962986
1.406278
0.0
1.2517701
0.010450781
0.14209855
0.84140176
2.134767
0.0
0.031378552
2.7622843
0.64657474
0.0
2.3421533
0.38397768
0.0
3.5824385
4.187709
4.3073134
0.020400913
0.0
0.0
0.0
2.6485972
0.0
0.037782226
0.013842667
0.012516012
2.6110868
1.7073224
0.34180957
0.0016348897
0.0
0.001096667
0.0
0.0
0.29608616
0.0003648972
0.039581563
3.6551883
0.6400905
4.6316137
0.0
0.0
4.6954093
2.245717
0.6467124
1.4195436
5.004503
0.0
0.0
0.0
0.5214143
0.17934172
0.0
0.0
0.18888143
0.0
0.0
0.16468187
5.4280205
0.0
0.0
1.5800434
0.0
0.039627332
7.194468
6.0648685
0.0
0.0
0.0
1.2030857
0.69090927
0.28182262
1.894618
0.7515297
0.031667754
0.14790785
0.0
0.0
1.4491609
2.701436
0.0
0.7924088
0.0
0.029905304
0.022123886
5.597618
0.0
0.9814455
0.20775351
0.5437231
1.6515265
0.44057414
0.0
0.0
0.0
0.0
0.251496
0.18485433
0.09703353
0.16397052
5.8849545
0.0
0.25068516
1.9113693
1.6018251
0.0
1.7469364
0.0
0.0
0.04369437
0.0
0.48452088
1.9513394
0.0
0.0021224143
0.0
0.0
0.0
0.008314896
0.000365593
0.0
0.10935066
0.048929673
0.06041188
11.709113
0.0
3.197615
0.0
0.0
6.952338
4.276506
0.0
0.023667151
5.634048
0.0
0.0
2.6265078
0.013660427
0.8361214
0.0
0.36733288
0.0
0.0
0.78477395
0.26547328
0.16168533
0.0
3.1103778
0.13596469
0.0
0.0
0.93334484
1.2087225
0.0
0.0840853
4.732527
0.018047411
0.023934485
0.33249635
2.3410518
0.024883319
0.0
0.0
1.9642752
0.07617086
0.60431874
0.6098354
0.0
1.6836576
0.0
0.0
0.0
1.4045117
0.0
0.0
0.050003666
0.40348408
3.7208228
1.1196278
0.6388384
0.22819248
0.0
0.0014604598
0.2980439
0.0069707558
0.71351063
0.07639114
0.0
0.0
2.4201462
0.0
0.0
0.0
0.37011653
3.3873684
0.0
0.38324428
1.2357371
1.2288632
3.5498748
0.0
0.1018712
0.0611712
0.021189714
5.7379746
0.0023682532
0.0
0.40881807
0.8354599
0.0
0.0
0.0
0.73836267
0.01973673
5.0405016
0.05980366
0.0
0.0
0.013963225
6.7689877
0.025235064
0.0
0.0
1.3432441
0.0
0.0
0.0
0.0
0.0
