0.0
0.6928077
2.7804837
0.49592423
2.4753869
0.0
0.02369109
0.0
6.093535
0.76283705
0.0
0.0
0.0
0.6069418
0.0
1.5352683
4.533005
0.94255906
4.0631027
0.0
0.007630908
1.3300557
8.748278
0.39316422
2.4782834
3.5870278
1.310194
0.0
0.012762931
0.0
0.062501885
0.19534054
1.817929
0.0
0.0
0.0033353544
3.0106184
0.0
0.0
2.1159816
2.3267128
0.8963325
3.6806743
0.29462296
9.541788
0.0
0.47952968
8.978846
0.0
0.0
2.3773105
0.2208651
0.0
0.7801013
0.14818695
0.0
0.0
2.173446
0.0
0.0
2.8215878
2.1147947
0.87605083
0.08565557
0.0
0.9923337
2.164143
0.035840906
0.0
0.30528438
5.6859865
0.15069409
0.48103964
0.27421048
0.0
3.7883475
0.04959575
0.0
0.13047726
1.5296136
0.029599227
0.008334451
4.6804833
2.5106585
0.0
2.6661954
0.0
0.21306656
2.8165123
0.5157
0.32602206
0.8686391
0.80713576
1.4531678
9.010445
0.0077569387
7.035058
0.002225061
1.3965577
0.0
0.05684249
8.4443655
0.0
0.022754356
2.1564007
0.09171552
1.061677
0.0
0.17310205
1.2073022
3.2654104
1.3835394
0.0
0.010279806
0.404066
2.2305565
1.3646603
0.3320232
1.2491027
9.515731
1.21824
0.021756418
0.060079146
1.1560105
1.1840739
1.3180642
3.8153036
7.1061645
2.4576492
1.0444766
0.0
0.0
0.20643024
0.0
0.24313806
0.02704544
0.0
0.14690144
0.38267964
0.71173966
0.012411543
1.1247898
1.2235934
0.9254471
0.0
0.0
0.0
0.1992173
8.124299
0.0
0.009086648
0.013009601
0.0
0.03570993
5.9719033
0.13183138
4.0898995
1.7049191
0.0
0.05830323
0.3488598
3.6578197
0.79071355
0.0705598
0.023630502
0.0
0.0
0.15679091
0.0
0.0
3.5850863
0.071901
2.4743211
6.6676297
0.6945893
2.0277636
8.326837
0.34051752
0.73214996
0.012225808
4.906325
0.81478375
0.0
0.0
0.0
0.22296818
0.0
4.1554847
5.753758
0.022145135
2.220164
0.13281788
0.28188497
2.1744182
3.6400323
0.0
7.714886
7.614947
7.6241817
0.01571876
2.4233546
0.48196307
0.0
1.1730961
1.656452
0.26991808
6.466463
4.8624787
0.12658146
0.0
0.0110743875
0.14088395
1.4234909
0.0
0.113895185
0.0
0.0
8.620722
0.0
0.14561822
0.0
0.7425235
0.7862643
6.080616
0.6196239
0.002523213
0.0
0.0
0.0
0.4949314
8.959419
2.249306
0.5169371
0.0
0.0
0.462691
0.18609428
0.0
1.5007842
0.0
0.77060086
0.7174443
0.0
0.0
0.0
1.7090895
1.7891021
0.0
0.80381346
0.0
0.09188583
0.0
0.15651351
0.0
0.0
0.3602748
5.25392
6.1398025
0.0
0.0026895076
3.5117064
0.0023334415
0.7386924
0.08887908
0.0
1.1935915
1.5039308
2.6051
0.050196104
1.229146
3.425297
0.0104022315
0.0
0.1526909
0.14572111
0.0
1.3993069
1.4682015
3.4430513
0.094707675
0.008821008
0.03227921
0.0
0.0
0.7004611
0.0
0.73113304
0.91610664
7.0272503
0.09877409
0.0
0.0
5.618205
6.5321407
0.0
0.0
6.4138656
0.0
0.50052845
0.08169654
0.0
2.0960457
0.102887705
0.20874734
0.0
3.0251274
3.7263196
0.024651935
0.6856336
2.8828187
0.0028752089
1.1557298
0.0
0.0
0.0047507677
1.008544
0.0
4.778754
0.028670184
5.71786
0.07174065
0.009828758
0.5149246
0.0
8.272128
0.3124841
0.07547275
0.0
0.0
0.0
0.0
0.0
0.0
0.0
1.6732601
0.5971773
0.0
1.3294096
6.592975
0.5517552
0.10095505
0.023660628
0.0
7.6752295
0.0
0.0
0.21567294
0.53907686
3.9893029
1.6449014
0.17656328
0.0
0.026899561
5.9977546
0.0
0.0
0.0
0.30089313
0.0
0.46120337
2.3757067
5.8221803
0.6261982
4.654935
0.0
0.0
1.065194
0.0
0.0
0.98704344
0.0
0.15279451
0.08177841
0.1392078
1.7975925
0.0
0.33875453
0.0
0.23031121
0.0
0.008172213
0.056495614
1.5423372
0.0
0.0
0.0
0.19186746
0.3243652
14.304398
0.0
3.747582
0.0
0.0047875107
4.02415
0.0
3.6637247
7.105477
5.962769
0.0
0.0
0.0
0.74469304
4.01507
0.0
0.20422363
4.912669
6.59495e-05
0.0
2.901902
0.4357272
0.0
1.5857289
0.0
3.5282042
0.056216504
0.0
0.045082025
5.158999
0.10289807
9.233032
0.44861913
0.0
0.096257135
0.06807474
0.0
0.58696395
1.7783614
0.541818
0.05203174
3.0655966
1.8079576
0.0
0.36445546
0.6421551
0.23522693
9.689318
2.0455513
0.047750812
0.07244343
2.433682
0.0039078556
0.0
0.0082717305
0.0
0.21562721
2.4087455
0.79442817
7.20405
0.42122984
0.0
0.5454647
0.27565792
0.0
0.0
0.6905629
0.0
0.0
0.0
1.9126202
0.08289599
0.119696386
0.0
0.0
0.802865
0.5004939
0.02582748
0.0011465161
0.0
3.9936323
0.0
2.2937517
0.0
1.8951148
0.0
0.0
0.0
0.0
3.526019
0.81393135
0.14143768
2.2754738
0.0
0.0
0.009476165
0.0
0.0
3.2633853
0.055492904
0.0
0.0
10.299911
0.6689182
1.0058758
0.0
0.0
0.50836754
0.0
0.99042356
0.0
0.0
0.0
0.817167
1.136516
0.3483721
6.5467157
0.0
1.5313506
0.0
0.1291081
0.10359363
0.0040261406
0.0
0.0
2.9465299
0.0
0.03560055
0.0
0.05818889
12.869796
2.6095452
0.0
6.370402
0.21077584
0.11607932
0.0
0.19184443
3.4362333
0.0
0.0
0.009458912
0.3751752
0.13859186
0.17109098
0.0
0.0
0.006215709
0.0
0.09154202
8.506005
0.3110132
2.298603
0.3084706
0.0
0.0
0.50385696
0.11436516
0.23044832
0.0
2.6591687
0.0
0.0
0.17471318
0.0
1.3314925
7.258584
0.0
0.0
1.2418793
0.8249287
0.0
0.23505668
0.022383558
0.40170848
0.03158124
0.0
0.3392915
0.0
4.757682
0.0
0.0
0.0
0.17121209
4.6550012e-05
0.0
0.0
0.0
0.0
0.0
0.0
1.8106999
5.5564437
0.04273988
0.0
0.0
0.03309659
0.36243945
7.7964625
0.03651836
2.8499367
0.0
1.6047039
0.0
10.188683
0.0
0.0
0.0
0.078943804
0.0
0.0
0.71635014
0.4922103
0.0
0.35802305
2.8454163
0.049630407
0.57789904
0.5127986
0.0
1.564353
0.0137409
0.0011416504
0.01479495
1.9989024
0.0
0.0
0.0
0.0
0.8208938
0.0
1.1986543
0.0
0.0
0.13297807
10.611183
0.89756614
7.4383097
3.056297
0.63414943
0.9016551
0.39920506
0.18728523
0.0008853552
3.1321707
3.2223926
0.01973001
0.032156043
7.9898524
2.5096262
0.0
0.35350302
0.8836931
0.424865
0.0
0.91633844
0.40316075
0.024791673
0.0
0.0
0.6673609
0.0
1.1804583
0.0
0.017975457
1.0237437
0.20776267
8.0105295
0.0
0.6408582
0.4188378
6.2091484
0.0
0.0
0.60374606
10.679527
0.0
0.4809519
0.0101375235
1.6696392
0.23692404
0.7828666
1.5513759
0.05469995
0.32240057
0.0
0.0
0.00010517422
0.0
0.0
0.13425714
2.9540577
1.3243918
0.0
0.45616835
4.800266
1.3803152
0.0
0.0
4.120606
4.4059186
3.5768633
0.0
0.028682388
0.46430117
3.2134874
0.16160186
0.41746327
3.8517072
0.011841735
0.34245184
0.10725553
4.9243298
0.8410008
1.7986217
0.22932346
0.38467577
0.72763675
0.0
1.0578024
0.7414006
0.32684088
0.0
0.3450233
0.0005977105
4.667709
0.042676795
0.76882243
0.0
1.6951615
10.36718
1.0274296
0.0
0.08269314
2.2652216
0.0
0.0
0.0
0.0
0.14142162
0.23826312
4.1135263
0.67496264
2.8935378
0.4554047
1.316024
0.0
10.456536
0.0
0.41963193
0.009735462
0.0
0.03900598
0.64642304
4.0440116
0.0
0.106256284
5.1475654
1.1202021
1.4037825
0.12668513
0.13353452
0.9242957
0.10891987
1.908579
0.0
0.0
7.039791
2.5821185
2.439104
0.0
0.0
9.531226
1.4026943
0.17109598
0.21265073
0.0
1.7707851
0.069905125
0.0
1.1411724
0.0
3.8105197
0.0
0.28896523
1.1636335
0.10072139
0.0
1.8304143
0.0
0.61532015
0.07882281
2.0876167
1.7263631
0.6932702
2.423184
0.0
0.31983474
0.0
3.7266319
0.06609583
6.33596
2.1295915
0.36438277
1.3499838
0.0
0.0
0.37083325
1.4105839
0.0
0.21830837
0.0
2.578516
0.12342667
0.0
5.92009
0.19561526
0.7294472
0.8180722
0.59328216
0.0
0.0
0.0
0.0
7.4688106
0.20948568
0.0
0.015136634
0.0
0.0
0.560101
7.819539
1.8720293
0.0
2.1230283
1.1949302
0.08170916
0.0
0.20458399
2.07797
0.29828367
0.9992709
1.7212683
0.0
1.3941151
0.81870556
0.36011666
0.044079434
0.3996805
5.124665
1.0459517
0.0
0.0
4.204925
4.1879144
2.4437642
0.0
0.7589904
1.7042192
3.8444762
0.0
5.440179
17.629944
5.929289
0.0
1.2412137
0.0
0.18214615
1.443019
0.0
3.4827464
5.736172
2.2579072
1.6564611
0.0
0.73088276
0.7403928
0.34305733
0.10168365
0.0
0.04933253
0.0
0.010641745
0.2770023
1.7700495
1.0787258
2.2595618
0.0
0.0
0.01447293
0.44432983
0.0
0.03647099
0.0017003672
0.0
2.0052378
4.3761787
0.0
1.7557199
0.68680704
0.0
0.0009869192
0.0
0.0
6.660715
0.0
0.5105182
0.0
0.5727153
1.7163271
0.017018266
0.0
1.4742543
0.0
0.2279979
0.31690526
0.0
0.5914896
0.0
1.0416408
0.06653221
0.16274682
2.891747
0.0
0.1782834
0.0
3.1433408
3.161022
0.0
3.3312366
4.4114885
0.33961597
0.36582276
0.09259368
0.26441646
0.00065043266
0.0
7.3667397
0.48769444
1.4791214
4.4257226
0.008812793
0.63813823
0.0
1.7153072
4.254506
0.0
0.0
1.0321226
0.12669244
0.40744835
0.0
1.1796488
0.0
0.0
0.0049277446
0.06482946
0.9535218
0.31288794
1.954603
0.0
0.2574449
0.74141616
1.5502588
0.33110964
0.4104078
0.11658176
0.0
0.0
0.030814169
1.2497444
4.6708393
2.6677978
0.58574355
0.0630961
0.0
0.0
1.3673824
2.4755225
0.0
0.0
2.2807739
0.19383775
0.0
3.3643975
0.9087938
2.7542675
3.3466492
0.5241774
1.3278662
0.64827216
0.11038533
0.0
2.636403
0.11769988
0.10201365
1.6593385
2.333029
2.4476504
0.0
0.0017396309
2.6892445
0.0
0.0
1.0770245
4.0886353e-05
0.0
0.34932548
0.0
4.110272
3.6364877
2.92083
0.10705298
0.0
0.0
0.07228657
0.008362162
0.61641103
0.01478609
0.6693171
1.0352969
4.2691655
0.01952079
2.1019053
0.0
0.0
0.0
0.0024418393
0.98822623
1.3943379
0.0
0.6201968
0.0
0.0
1.3332297
0.4241372
2.2048593
1.5773814
0.10401733
0.0385727
3.087271
2.0493457
0.8566477
0.0
0.0
1.0955443
0.6647861
0.0
0.0
0.23023002
0.0
0.0
5.6430078
0.7725332
0.0
0.0
3.4145784
0.21032363
0.016765274
0.55080664
0.0
1.0830933
0.7827201
0.043443795
1.9871019
1.6791446
0.0
0.12899876
0.43705314
0.08775793
0.0144355735
0.0
0.0
0.008812728
1.3343354
0.38075915
0.0
0.0
0.022072768
1.0013846
0.0
0.0
2.8437924
0.13940084
0.05851488
0.0
0.0
1.4794364
0.6235976
0.0
1.271707
0.09631375
0.695788
0.0
0.06348687
0.10113395
0.0
0.27248782
2.16235
1.3547323
0.19056122
0.0
0.015109924
0.0
0.013444589
0.0
0.10108287
0.093858175
2.0610335
4.4872794
0.4749538
0.0
0.041321296
0.7030174
0.8993873
0.13672931
0.0
1.3779888
0.04645325
0.11708468
0.28849554
2.064463
0.25813416
4.5400777
0.099568054
0.019487217
0.016152779
0.0
0.0
3.1556153
0.0072734356
0.0
0.030587329
1.4790676
6.342851
0.4697774
4.8538275
0.0
0.0
0.2904458
0.27715302
0.0
0.0
2.5808623
0.0
0.6654582
0.2955194
0.14006579
0.0
0.95701545
0.0
0.03249366
0.0
0.0
0.005937501
2.2293942
0.0
4.1010647
2.076678
0.0
0.0
0.0062559647
0.0
0.348047
4.912284
5.600842
0.0030775776
0.019852962
0.0
0.007507558
0.0
0.0
0.8181223
0.0
0.66703314
0.0
0.0
0.04637027
0.0
0.29879814
0.0
0.0019141703
3.2775292
0.12893936
0.4096544
4.889864
9.347065
0.0
0.0
0.060247518
0.0
0.0
0.0
0.0025371776
0.079083726
0.77714634
1.7988539
0.0
0.5266388
9.197515
0.0
6.6470494
8.561927
1.6646593
0.0
0.07089474
1.1963078
0.0
0.0
1.956639
3.4557981
0.02150674
4.426534
0.0
4.0681553
0.0
0.65015733
3.4259121
1.8709278
0.0
0.7405243
2.6866038
0.9760958
0.105427675
2.0894148
0.0
0.0
2.276188
0.0
6.145217
0.0
0.0
4.7368813
0.0
0.0
3.4118714
0.0
0.0
2.9816713
0.025030622
0.0
0.30776924
0.0
0.1808021
0.07981253
0.0
2.1063213
0.0
0.0051865275
4.98451
1.8995107
0.0
0.67817235
5.60423
0.0
0.0
6.8473673
0.75574833
0.0
0.015177834
0.8365852
0.007947172
0.33197412
0.65920085
0.06550961
0.07495798
7.189146
0.0
2.3388941
0.0
1.2167578
0.106611244
2.572691
0.33969408
4.240412
4.764864
0.17245631
0.04242924
0.0
0.015461946
5.2629614
0.0
0.15983592
0.0
6.699782
0.0
0.0
0.11414697
0.0
0.3413802
0.0
0.0
0.35213983
6.071567
0.0
3.4740207
4.3931026
0.0
0.0
3.5440156
1.0359167
1.228093
5.8853927
0.7024237
0.0
0.0
0.0
0.021821305
0.0
0.0
0.0
0.0012712722
0.0
0.3687158
0.7996922
2.1072063
0.0
0.069635905
0.0
0.0
5.4718895
0.0
0.0
0.6795588
0.3628206
0.0
0.0
0.0
11.1801405
0.0
4.219651
1.3396723
0.0
0.6141506
2.7993438
3.3889363
3.4980693
0.01629855
0.0
0.0
1.5857782
0.0
0.16521834
0.0
5.3409553
11.846943
7.4373164
5.1378355
0.0
0.0
0.66899467
1.6827613
0.16008624
0.0
0.0
0.19029196
0.055033673
0.0
0.0
6.741048
0.0
1.4981123
0.8190501
0.0060146
0.012299781
0.0
0.60252905
0.007885583
3.824726
0.0
0.36619377
1.9187354
0.0076005715
0.0
0.0
1.3706187
1.1387186
0.19468734
0.0
1.1651931
0.0
0.0
0.83782786
1.6797166
0.013851606
1.7400033
0.54016024
0.0
0.31501245
8.12292
6.963568
0.5164606
0.0
1.7649664
8.129462
0.0
0.26124176
0.0
0.14171688
0.0
0.0
0.0
0.0
0.0
0.0
0.0
3.074162
2.1416037
0.0132491635
5.728308
0.0
3.3493965
0.0
0.8494206
0.0
3.1489046
0.010487517
2.1935103
0.60445255
10.685739
0.7373363
0.0
0.0
0.0
0.031669177
0.6852905
0.07530785
0.23476595
0.031459734
1.3980284
0.0
1.2331809
9.270457
0.0
0.0
4.369771
0.0
0.0
0.012298497
0.0
0.053379923
2.3872862
0.0
0.0
0.0
0.0757734
0.7686963
0.0
0.0048346226
0.0
0.024715394
0.0
0.08026397
0.048077896
0.0
0.0
0.10977717
0.10085449
0.0
0.08353248
0.0
0.014806446
0.0
0.0
2.2431552
0.9606349
0.21263358
0.9361791
0.64335746
1.2203653
0.0
3.007837
2.0243812
0.0
7.6814303
0.7337631
0.0
0.0006753547
0.33299547
0.022782646
0.0
0.52645385
0.0
1.9496983
0.0
0.0
0.0
0.0
0.0
0.003374382
4.9206457
0.0
0.26926354
0.0
0.28611028
0.0
0.0
4.5646777
2.33686
0.0
0.0
0.74047667
0.048322648
2.2628367
0.0
1.6947831
0.0
0.14063704
0.0
2.752197
3.7490058
0.034325372
0.027045714
1.1786915
0.0107832905
3.5458486
0.00021241454
0.17880191
12.427078
0.0
0.0
5.07486
1.5055162
2.4430578
4.958207
0.873825
2.2108395
0.0
0.016890004
8.180309
1.2039747
1.6511375
0.15770902
0.0
0.0
4.2230864
0.0
3.510631
0.7469745
0.051913597
0.0
0.59133255
0.028003255
0.67427033
3.3513145
0.015333409
0.0
0.0
0.0
3.6325026
0.17010172
0.5324756
0.0
0.0
0.17817333
1.5750884
3.275944
1.0213857
0.0
1.648733
0.4651536
9.863749
0.0
0.0
0.09335011
8.819118
0.82511973
0.0
1.6898218
0.0
2.390119
3.5201845
0.18756309
0.32616925
0.23735665
0.0
0.010420896
5.5410304
2.5212328
0.0
0.0
5.024784
2.242235
2.6919606
0.0
0.018646156
0.1350311
0.0
1.023312
0.0
0.0
0.0
0.0
1.175446
3.1432807
0.0
6.7569774e-05
0.0
0.0
0.0
0.0
0.0
0.063642606
3.503893
4.625444
0.03771575
0.044650555
4.6634064
0.0
0.0
0.11843027
0.0
3.86773
0.0
0.19489916
0.8804311
0.35138017
4.0476794
6.616514
2.0272481
0.025623754
0.0
0.0
0.0
0.0
1.1228737
0.013100636
1.0315559
0.17999947
0.084482156
0.0
0.0
0.0
0.6327701
0.0
4.7419763
0.0
3.831146
0.0
0.012354345
6.5189
3.4360228
0.054222286
0.87183845
0.0
0.0
0.16328232
0.13562083
0.8074929
0.0
0.16294062
0.018716194
0.6741626
0.7216698
2.09861
0.3154151
1.8195989
0.046564057
0.2967419
4.626871
0.0
0.0
9.765615
0.0
0.0
0.0
1.2767444
0.63748133
0.289616
13.206725
0.04172231
2.6816082
0.6691597
0.0
0.5792127
0.0
0.0
0.26093152
0.0
0.0
0.17835683
0.0
0.7358266
1.3222303
0.0013094654
1.5030799
2.6021864
3.7273746
0.78937054
0.007164196
0.0
0.12841408
1.8548493
2.4963348
0.5679539
0.0
0.43415833
0.0
0.0
0.0
3.1805065
3.7284553
0.0
1.4219649
0.0
0.0
1.3477881
0.847535
0.5599839
0.0
0.08060571
0.0
1.3256001
0.0718408
0.46720937
0.015238684
2.5412354
0.0
0.0
9.283623
0.5055528
0.022301251
0.5173642
0.016871797
0.9415974
0.044175573
1.8415439
0.0
11.303272
0.0
0.0
0.0
6.4617405
2.6669736
0.5168076
0.0
0.35748658
4.4952836
0.5560414
0.0
0.0
0.0
1.2002225
0.3735995
1.4268553
0.40402105
3.7230296
0.012767882
0.0
0.0
0.11187531
0.0
0.0
0.70804477
2.7555656
2.3881078
0.03854302
0.0
2.9603946
1.6540908
0.0
0.0
0.25916344
1.2201936
0.7043444
0.9667686
1.0720686
0.0
8.722596
0.034487024
0.015701389
3.2400696
0.0
0.14246625
1.4454982
0.03001163
0.0
0.7893633
0.0
0.104581065
0.0
0.0
0.4863046
0.09188757
2.133037
0.0
1.9435235
0.8682732
0.23236574
0.41945738
6.693246
0.0
0.9242535
0.0
0.0
0.0
0.6118455
0.32182062
4.5727925
0.43118486
2.146022
2.8044486
1.7172828
0.085784025
0.0
6.524587
1.3858927
0.112126514
0.058408964
0.93678427
0.0
3.4901664
3.5721343
0.0
3.6731873
0.0
0.0
0.0
0.0
0.24324806
0.51279604
0.0
1.6040999
7.1650968
0.0
3.1882653
0.0
0.0
2.6913562
1.9644988
0.17006743
3.846457
5.606312
0.0
0.51316726
0.0
2.777605
1.0383251
0.0
6.3511477
7.633226
0.0
0.102087244
0.0
0.12485281
0.0
0.0
0.0
0.0
0.07183974
0.08407961
0.612393
0.0
0.0
0.3470085
2.3990774
5.1539392
1.670583
0.14214358
0.5759143
0.031182474
0.0063420096
0.0
0.14317973
0.12115253
0.0
0.2661547
0.72610414
0.0
0.0
0.49926758
5.3720117
0.002838541
0.9520564
1.1286865
0.0
0.0
0.032101423
0.0
0.31120268
0.0
1.1699685
0.0
3.3640633
1.5226973
2.883788
1.2865808
0.0
0.48540568
0.342555
0.08437164
2.4727204
2.9288378
1.1550093
1.9780949
1.7293879
0.0
0.9801209
0.0
0.18244463
0.9671829
3.1784787
0.0
1.9959154
1.9582565
0.7363984
0.7770404
3.8222759
0.0
0.0
0.0
0.0
0.120606735
4.019404
1.4432423
0.579789
0.33816463
0.017583093
0.22625937
0.0
0.0
0.11371173
1.5071584
0.97299904
0.0
0.0
0.0
0.0
0.17131886
0.014990891
0.0
0.0
0.4923593
0.009058229
0.0
0.0
0.27223158
0.0
1.8511852
3.4203298
0.0
0.05369599
0.0
0.012411086
0.0
0.6545295
0.1121065
8.20237
0.22514081
0.0074555352
0.0
0.0
0.2298301
1.7178781
0.0
0.03893426
0.0
2.1853535
0.9405874
2.316187
0.08977672
0.0
0.0
1.0092591
0.0
0.0
0.0
6.493467
0.33071008
1.2784257
0.0
1.4400766
0.0
2.3331351
1.0065286
0.0037751733
0.395222
1.179157
1.4244803
1.5071355
0.5487028
3.4389062
0.0
3.8520355
1.878147
0.0
3.3978057
0.0
0.657072
0.0
0.0
0.0
2.1002057
1.6935202
0.13486372
0.0
2.1450255
0.0
10.337969
0.059240103
0.0
0.57963187
0.0
10.834925
1.3001188
0.0
0.5460794
0.0
4.1301994
9.505657
1.0998343
0.0
10.640439
0.1757189
9.66483
1.6625438
0.563587
0.056536403
12.8400755
2.7928138
0.0
0.052715905
0.0
0.0
2.3673313
0.0
4.079444
0.0
0.0
1.240734
3.8578265
0.4113022
0.0
1.76188
0.0
0.034554936
0.3437817
0.0
0.034070965
0.87306833
0.051883083
0.0
0.7927096
0.0
0.0
0.12924054
2.756538
0.0
0.0
0.32710332
0.046220575
0.0
0.058598094
0.0
4.89625
1.259229
1.1008148
3.5956068
0.0
1.1140727
