0.0
0.47455543
0.013081351
0.26147667
1.3498842
3.4366965
4.155018
8.290402
0.09889411
2.416722
0.6583264
10.783407
0.0
0.0
1.5158634
0.3920478
0.974527
0.0
7.164708
6.9087286
0.34824052
2.9296265
0.09875278
0.0012788724
6.4807878
0.0
1.4348098
0.0
0.18092868
3.7141361
3.465671
4.2129374
3.160393
0.0
0.0007320813
0.0
3.148369
0.062281873
0.0
0.0
0.0
0.3613445
2.0864005
0.7960403
0.6495001
12.121407
0.5306991
0.34659553
0.07267873
0.8185423
0.0
0.86833906
0.0
0.064144425
3.9694777
5.735397
1.1012158
3.4578674
6.2963357
0.8191025
3.890156
0.0
0.017800175
1.7298039
0.37679574
0.0
3.8518116
3.1961477
0.0044066296
0.32475546
0.0
9.357878
0.011611759
0.0
0.48504156
0.0
0.0
0.03531633
0.3712351
0.10220949
0.34313607
4.7838573
0.0
0.03714763
2.2288635
0.0
0.066909924
0.18022487
0.67815584
5.666117
1.5702224
6.9300575
3.0366702
0.40498725
2.2375894
0.0
1.3665777
5.073897
0.0
1.2848959
0.15979926
1.956578
0.0
0.0
0.0
0.574486
0.45941648
0.0
3.6701305
0.0
0.0
0.008244451
0.032898534
1.8092992
0.86293334
0.39877614
0.0
0.8929448
0.0
0.14117973
0.10020786
0.0
3.7598062
3.3414524
0.9857691
0.049084436
2.648534
0.15246621
0.0
1.2453135
0.010124798
0.6817942
0.09718218
2.7431753
1.7646384
1.8665375
0.6217658
1.0314513
0.3250652
4.318849
6.84054
0.0
1.448461
0.0
0.0
0.5572162
0.18466263
0.40243757
0.0
0.0
0.0983296
3.8114166
1.0882069
0.0
0.07426021
0.0
0.018487794
0.0
3.60856
0.05119027
1.07259
3.1577451
0.110493824
0.18966721
0.26105842
0.0
0.0
0.0
0.31575364
0.025081951
0.0
0.0
0.25915354
0.021576334
0.22763865
0.99319255
0.0
0.5007418
1.3196115
0.0
0.0
0.0
1.8052918
0.004236815
0.0
6.5086117
1.0722123
0.0
0.073093526
5.752255
5.1752234
0.0
1.17462
0.0
0.0
2.0812435
0.0
0.30517527
0.0
0.32863283
0.0
0.020588193
0.30263945
0.0
7.4322467
1.0760187
0.0
0.0
0.0
0.1903085
0.0
0.89190775
2.85573
0.23172583
0.3338608
0.9409963
0.0
0.0
0.03995327
0.7609195
0.0
0.0
0.0
7.2174177
0.0
0.0
1.0185115
3.6840606
1.4286779
1.7891227
10.193692
0.0
0.21098265
2.4215062
0.003009969
0.093635656
7.978459
0.014976891
4.20405
2.171495
0.9914403
2.766306
0.0
4.722528
0.83299017
0.0
0.1744397
0.0
0.82014245
0.0
0.0
0.7577075
0.498173
0.0
4.0707664
0.0
3.5141695
0.28103977
0.0
0.33535215
4.597489
0.9386093
0.0
4.2823534
0.0
0.016107569
0.0
2.6793408
0.92587644
0.35084498
0.013318368
0.0
4.585352
0.055996243
1.1818242
2.3915799
0.0
5.1399255
0.0408836
0.0
6.622254
4.429154
0.2780165
0.024319507
0.81262547
0.10171001
3.8283916
0.0
4.4898887
0.0
0.49968898
0.0
0.15153994
0.0
0.39902043
0.0
2.2445896
0.1771726
0.0
0.2805393
0.6566015
0.05521638
0.09595492
3.8293438
0.0
3.8167737
1.6309646
0.00139941
13.134467
9.690842
0.90862024
0.35766643
2.7830627
0.5591467
1.6703756
0.48234066
2.2512264
0.35105425
1.6602185
1.152149
1.986652
0.0
0.0
0.16745299
6.4576206
0.011685213
0.0
0.0
0.16195804
0.5287595
0.047322355
3.4596741
0.003490482
0.0
0.0
0.0
0.0
0.017727854
2.3088782
0.0
0.0
6.5422583
0.0
0.048212174
0.0
0.99640423
2.9526157
0.0
0.8398999
0.0
0.0
0.10002924
1.3309824
0.19616781
0.0035114484
4.419191
0.109047234
0.4199111
0.0
0.0
0.06248316
1.2057202
8.1568985
3.711491
0.24377891
0.0
5.4010906
0.0
0.0
0.0
0.0
0.11203722
0.5036125
0.0
7.7211795
0.0043849605
5.738183
0.87148505
0.44691274
0.71953046
0.1519877
1.9353819
0.10146662
0.0
0.0
4.424736
3.3178978
0.0
0.0830418
0.0704555
0.0
2.445701
1.2858434
1.4919841
1.1529496
1.9526777
0.501421
0.57922685
0.0
2.9203227
2.5982752
0.084564015
0.0
1.2221203
0.0
0.034368265
0.0
0.0
0.0
0.0
0.20755938
0.073945485
1.8446105
0.0
0.64917254
0.0
0.28072113
0.26251677
0.0140779605
0.0
0.0
0.0
0.45376167
1.371875
6.8073006
5.411997
0.45529363
1.0044023
2.7849402
1.4686861
0.09339831
0.272758
5.5945415
0.0
0.043906324
0.043681506
0.27227005
0.0
0.13701212
6.736175
0.11808916
0.4158548
0.0015429818
0.70856065
0.14778028
3.4963317
2.870887
0.03583801
0.15545785
0.03691267
1.0369874
0.0
1.325007
0.0
1.2956634
0.35426775
0.081358016
0.0
0.0
0.7865494
0.26511353
0.53415024
0.036702152
13.936438
0.0
0.6026706
0.0
2.5834656
0.0
0.0
0.0
5.4899683
0.0
0.2626057
5.2754498
0.6472438
0.5840126
0.0
2.2588727
0.4452784
0.1558738
0.0
0.0
0.0
0.45164225
5.361556
1.54265
0.9043459
3.5770476
0.0
0.0
6.737992
2.747876
0.043507636
0.15721901
0.034912623
0.21088515
1.4356563
0.0
4.79092
3.6512017
0.45824984
0.0
0.6261676
0.11784261
0.13481991
0.0592099
4.0194573
0.0
0.0
0.1610147
0.015883524
1.7868199
5.398729
0.5241216
0.0
0.0
3.6269524
4.474274
0.6073382
3.347639
1.8216553
0.08739283
0.0
0.0
0.0
0.68597615
0.80893254
0.0
0.10257571
0.0
0.0
2.8079715
3.8210626
6.7330403
1.2203017
0.24415635
0.0
0.0013524343
0.049255703
1.4069709
1.1942647
0.011114783
3.4995525
0.69223523
0.0
0.24496487
7.2607646
1.3838955
0.011851459
3.0131662
0.018692099
0.0
0.0
3.7478828
0.61505514
0.41626635
0.0
0.4428238
0.3560805
0.0
0.10124925
1.8178666
1.0441684
0.0
0.0
0.8368542
1.3198717
4.0846477
0.17675634
0.34812918
1.6511387
0.0
1.0478334
0.12186423
0.07902762
0.10429573
5.9083114
0.0
0.26145795
0.0
0.0
0.6960709
0.0
0.46388802
0.0038079438
0.006152562
0.8153625
1.6703261
0.0
0.29650277
0.015918924
1.165204
0.35653448
1.7436687
2.597188
0.0
5.9698634
0.0
3.7391856
0.0
0.0
0.0016223313
0.0036797693
2.4553747
0.0
0.0
0.01712761
12.974817
0.6313754
2.4540763
2.8002195
0.0
1.7810838
0.29251158
0.21192902
4.0167656
0.49365893
0.5384381
2.262209
2.1442854
1.6407703
2.0734355
0.1210522
0.0
1.2606229
2.7426689
0.0067369547
0.5085453
1.7600069
0.12998955
0.6789817
0.0
0.46632236
0.09269324
0.0
0.9761235
0.0
0.2929186
0.0
0.040699948
0.0
1.9245238
0.15063353
0.0
3.1791477
0.36494064
0.8517305
0.0
0.0107444795
0.3295823
0.574351
0.28391472
0.0
0.0
0.0
0.09724898
1.2417551
0.0
0.90459627
1.0278252
4.1111803
0.0054963585
0.0
0.0
1.1726373
0.003389417
0.0
0.0
0.20006332
8.169955
0.0
0.07312914
0.0
0.0
0.0
0.0
1.326288
0.0
0.0
0.0064563607
0.0
0.42368087
4.764688
2.3388915
0.0
0.005554593
0.0
0.0
0.0055292407
2.9142444
0.0
0.0
0.39417562
0.0
0.9261531
0.0
0.0
0.0
3.8751721
0.0040279943
0.27665755
0.5062603
1.3764293
1.4971106
0.013482775
0.0
0.22903119
0.6344888
0.15480056
0.0
0.052934118
5.5740013
1.1959598
0.0
0.09581972
2.157319
0.053897846
0.04824189
8.286358
0.5906814
0.092175774
0.0
0.008574379
0.0
1.2412889
0.13157263
1.6760212
0.047816027
0.0096687395
0.0
0.9226789
1.4903728
0.0
5.072106
3.3206308
0.19303259
0.0
2.0644753
0.19577688
0.0
0.0
0.003850961
0.0
0.037613668
6.52484
0.0
1.880569
0.2767045
0.0
1.7438691
0.7066851
0.0
0.0
0.7727134
1.5869782
1.285608
4.140183
0.29249126
0.0
0.0
0.19478525
3.0269127
0.3419729
0.0
0.0
0.0
5.183468
0.62381786
0.52590656
0.0
3.0691001
0.15532358
0.098395094
0.009408997
0.16663852
0.48558283
0.0
0.0
0.0
0.9288411
0.011986986
0.0
0.09286994
0.0
2.4850695
0.77658033
3.394142
1.7543459
0.2854214
0.0
6.086871
0.0
0.099372186
0.08131605
0.059129618
5.5138083
0.0
3.261547
6.9411135
1.1041703
0.0
0.0
1.4421058
1.5042367
0.300886
0.009960447
6.2131505
0.0
0.010477638
2.4714084
0.0
0.0
2.3830485
0.09157794
0.0
0.0
0.0009890053
0.33394843
0.0
0.0008792062
0.0
0.0023587965
0.0
0.0036794362
0.0035009407
0.16676004
0.0
0.42466304
0.052556116
0.0
0.0
0.71376234
0.0
0.3441015
0.053042084
8.395852
0.6181091
0.022920035
0.0002638807
0.0014704879
0.48461878
6.9334297
3.7067878
0.21624392
3.3271954
0.0
0.0
0.0
0.0
0.0
1.3001688
0.20169476
0.20453276
0.0
6.611404
1.8650041
4.7145205
0.7141761
0.03630317
0.0
3.6484087
0.02798241
0.0
0.1602066
0.7289025
0.03666097
0.0
0.0
0.0035422968
0.0
0.0
0.01924103
0.0042868634
0.0
0.0
0.7649916
0.40860963
0.055296503
0.0
1.520582
0.580414
1.767623
0.027977273
0.0
0.48928615
0.6212756
0.061775427
0.0
0.0
9.65791
0.0
1.468461
0.016792502
0.0
0.32596084
0.47755587
0.0042866077
0.0
0.1500156
5.639078
0.116008006
0.0
0.014946589
0.0
1.5579131
0.49271557
0.0
7.68538
0.09619709
0.0
0.042091597
8.155424
0.09765224
0.064684525
0.60961056
0.0
0.6491302
0.10782394
0.013367466
2.090873
0.18058817
7.761948
0.0
1.7683573
0.09928054
0.9031418
4.4928045
0.0
1.3783683
3.3763676
0.0
4.913221
4.2181845
0.0
0.2735237
0.0
3.809679
2.793474
6.1223507
5.9005775
0.13199544
0.036171965
0.0
0.27868745
5.8620014
1.4898319
1.1271956
0.0
0.0073748245
10.580309
1.6181625
0.0
1.7877326
0.21681786
0.0
2.5152762
0.06984011
0.0
0.054780833
6.192796
0.8576157
0.0
0.015805643
0.0
0.060618944
0.0
1.0557272
0.0
0.17423727
4.1458087
0.91258085
2.9135132
0.0
1.0471827
0.0
2.4832454
0.026033968
2.7144797
0.18797347
0.0
1.560367
0.0
0.07356825
0.041822277
4.3792777
0.23956816
0.018309968
0.411806
0.0
4.596945
0.0
0.31860757
0.0
0.0
0.54183203
0.0
0.0
1.6994103
0.0
9.41786
1.8371336
0.18107206
0.38742468
0.7587173
0.12949048
4.544469
0.0
0.0
1.6137218
3.8233695
0.0
0.01759069
7.7291255
0.54760784
0.04691308
1.3614557
2.7659047
0.0
0.045705397
0.5060648
0.9460612
7.090169
0.0037110094
0.13700509
0.0
0.37255937
0.007132102
2.2562912
0.0
0.0
2.2290795
1.2831892
0.0
0.0
0.024157066
1.5914354
0.0
5.253577
1.1677392
0.34938923
3.142981
0.08701674
0.0
5.7093053
0.15233836
2.4342191
0.58333886
0.0
0.44720396
0.094483085
0.0
0.6195285
0.6085161
0.0
0.8883665
0.01536072
0.34089345
0.90368253
0.15727678
3.6998675
5.384093
0.13831368
0.0031442351
3.229352
0.13646184
0.0
3.2324948
0.14721529
0.41677257
3.273501
5.739909
0.0
0.30649114
0.00059807545
0.0
0.00086265197
0.0
0.0
0.05613155
0.0
2.5897017
0.0
0.0
0.06723252
0.0
0.0
1.0233611
0.0
0.3957962
0.0
6.3326273
0.0
0.7278831
1.8923457
0.037486967
0.0
0.66536635
0.0
0.0
0.0
11.064965
0.20943692
0.0
2.018176
0.17676912
1.78216
0.0
0.0
0.18853201
1.0648658
0.37020457
0.0
0.0
0.31527796
0.10075786
1.8392843
0.39928564
0.0
1.0807469
0.0
4.8734927
3.4807518
0.30876824
0.0
2.982086
0.2988432
0.24445383
0.0
1.0866634
0.0
1.3257073
0.0
0.0
0.0
0.0
1.1072336
0.5102129
1.9547794
1.8220646
0.0
0.0
0.05965568
0.0
0.78671974
0.00014790466
0.007043914
0.0
0.029315624
0.0
0.006156498
0.0
0.2772873
0.09056498
0.01619447
0.23614337
0.0
0.676277
0.23167875
3.3414412
0.0
0.0
0.0
0.0
1.6372478
0.0
0.0
2.7875388
0.05263605
0.0
0.67258674
0.18991113
9.710204
0.0
0.043997735
0.0
0.0
2.335865
2.8791852
0.7190579
4.058674
0.5069429
0.0
0.0
1.5071715
0.0
0.0
0.0
1.6225743
0.0
1.9832063
0.0
4.9656816
0.016400984
0.033801273
0.9423248
2.4234352
0.0
0.3929656
3.6320605
3.5612037
0.0
0.36749202
11.23669
0.31635022
0.0
0.0
1.2639614
0.117917314
1.4256957
0.0028338018
0.0
0.0
1.3701391
0.0
0.7249348
0.42429107
0.08455588
0.0
0.86108553
0.71766984
3.1570833
0.36935362
0.027318247
1.6051335
0.0
0.04456431
0.0
0.0
0.0
5.005491
4.0146003
0.0
0.0
0.33558726
0.0
1.618065
0.0
7.4161005
0.0
0.0
0.038814697
3.5027478
2.6127403
0.033208456
1.3561683
0.6244823
0.0
0.0
0.0
0.39895245
0.0
0.10711595
0.0
2.9019706
0.0
1.4745741
6.623801
0.0
0.54811376
1.8500302
1.8201234
0.0
0.0
0.0
0.0
8.74868
3.4243987
9.003519
0.0
4.778103e-06
7.2015276
2.3420506
0.20044237
0.009347307
0.0
0.18357596
0.6220535
0.7189527
0.0
0.0
1.8279948
0.0
0.0
0.0
0.3789275
4.4770236
0.020536147
0.024728784
2.4513695
1.2948675
0.8945043
0.20968723
0.087196
0.021697745
9.354882
0.026753563
5.159601
2.2562785
4.334834
2.5396626
0.6307232
0.10771872
0.0
0.0
0.8198006
4.0704017
0.08293917
1.7199316
0.00070756796
3.459448
1.5924172
0.04267445
0.0
0.0
0.0
0.0
0.26350033
0.5423484
0.0
0.5991382
1.0649505
0.8888275
0.0
0.0
0.0
3.279259
0.0
2.0189703
0.01896304
13.355936
0.0
0.0
0.99260515
2.7911253
0.0
6.2766056
1.3833551
1.6087015
0.0
0.04783209
0.0
3.2426949
0.18596676
0.6476232
0.24454385
0.0
0.0
0.023953915
0.040291473
0.9847669
9.670228
0.0
0.1198676
1.6250302
0.294058
0.0
0.007014781
1.0532987
0.0
0.0
0.15586545
2.7971354
0.0
0.024347454
3.9120586
0.3278706
6.563124
0.0
0.0
5.450318
0.0
0.1432801
2.6021035
4.175778
0.0
0.0
0.0
0.0
3.6749897
0.9859065
5.6178102
0.010260813
0.0
0.0
2.2803912
8.3457985
0.03705645
1.0903361
0.00498487
0.0
5.6118226
0.0
0.074766956
0.0031483902
5.5455713
1.7371571
0.0
3.3089485
3.7683358
0.6118846
5.336097
1.183651
0.0
10.579449
0.38629445
7.2373214
0.0
0.0
0.08863214
0.0
0.59269035
0.23659986
0.64024323
0.0
4.03981
3.3816392
0.4439563
0.0
9.335499
0.0
0.0
0.41255835
0.0
4.8543906
0.0
5.352541
0.43261704
0.0
2.104894
3.3671887
1.9693506
0.93347263
0.49200088
7.951336
0.376164
0.28624767
2.6886814
0.0
0.063482314
2.518045
0.6420121
0.0
0.18035842
4.8141985
0.0
0.76405764
0.0
3.7421958
3.0290527
1.8336358
0.23712634
2.9068773
1.656046
0.0
0.009697015
0.10025292
0.0
0.09218679
0.0
4.0268993
0.7610585
0.06733938
1.3232975
3.4446645
3.1704
0.0
0.0
0.0
0.0
1.194856
0.28130764
0.0
0.0
0.0
0.029247308
0.0
9.629836
0.48328006
0.66100925
0.0
0.7271324
3.92877
0.013736778
3.151181
0.0
1.416272
2.3338757
5.247788
2.068144
0.79308134
2.267652
0.6473502
0.019115264
9.337816
1.262898
0.45945597
4.39611
0.0
0.9779301
0.0
0.4581224
0.06585781
8.256459
0.090331845
0.0
0.33988848
0.0
7.8185134
0.28013092
0.0
0.013071766
2.4215791
1.4746023
0.18049836
4.2305264
0.0
1.4966317
2.269742
0.3260933
0.39331526
0.55798745
2.6865895
0.47203034
0.22215112
0.0
0.17580228
0.0
0.20442532
0.1196818
0.40640116
2.4744394
4.6993546
0.0
0.008820575
0.4312447
0.0039760093
0.10458238
0.6939334
0.0
1.0272548
0.023738855
0.37793073
0.0034430416
5.425395
0.0
0.010705053
6.286422
0.0
0.0
3.335481
0.008555602
0.0
0.23066641
1.0041295
0.0
0.108476825
7.17953
0.63651866
0.09332724
1.2423344
0.0
0.0
1.4988835
5.7902493
5.617631
0.14071095
0.21596566
0.001631019
4.097496
2.5449966e-05
0.34995154
0.44006148
0.0
2.1753821
2.7442045
2.0775046
1.843071
0.0041083316
0.0
0.56438124
0.0
0.0
1.4239714
0.9728656
0.0
0.018264987
0.042990196
0.0
0.022523673
0.02257858
5.6979933
0.80765104
0.4603168
0.13758601
0.0
0.09154981
1.4685196
0.0
0.09982553
0.0
0.0
0.0
0.0
0.0
0.056866042
1.8510591
2.09221
3.1398997
0.0
7.996474
0.0
0.23159519
0.0
0.0
0.53339964
0.0
1.370354
0.0
3.0906076
1.1898984
1.1394805
0.0
6.5100937
12.905211
1.0108821
0.0
0.0
0.0
0.0
0.0
0.0
1.3015207
0.56509024
0.0
0.0
0.0
0.084632166
2.2661362
0.6375066
3.5581613
0.0
0.10511427
0.17307608
0.0
0.0
0.0
0.44879925
0.0
0.070183344
2.9884264
0.0
0.0
3.586251
0.0
0.0
0.034451004
0.0
0.0
4.7422895
1.6264145
0.0043764287
4.650181
0.048256535
0.0
1.0344626
0.0
0.0
0.71319216
0.0
0.0
1.7114797
1.9078653
0.0
6.7992616
0.13581008
0.0
0.0
4.2153497
0.44129342
0.0
1.1526518
0.01628549
0.0
0.4262548
1.2121152
0.0
6.7538123
0.0
0.30365944
0.062346973
0.035304606
0.0034593076
0.0
3.8032138
0.052964598
0.06571195
0.27753547
0.0
0.0
0.36060947
0.7296631
0.002466046
0.0
0.2018017
0.051306926
3.2155561
1.0553114
3.2331178
0.44821903
10.384758
0.0
0.014332441
0.0
2.3391125
2.145277
0.7385284
0.28673786
1.1568432
2.6347027
0.058386218
0.0
0.14489642
0.0
3.7157907
0.0
0.0
0.08755566
0.0
0.2904223
0.0
0.0
0.31253952
0.0
1.2531993
0.0
5.0458345
1.2319236
3.1754184
1.8823737
0.43815726
3.677465
0.48111418
7.5547853
3.0182433
1.2160066
0.0
0.034021795
2.925605
1.4286002
0.14100896
4.7025313
4.0910773
0.059869085
0.0
0.46080184
8.302025
0.165986
3.1346962
6.170093
0.045401044
0.47211507
1.23947
2.735476
0.0
0.0
0.69953567
0.0
0.14326964
0.123612374
1.3906162
0.0
0.84477544
0.45418742
0.41446656
0.0
2.420545
0.0017073447
0.0
0.0
0.0
4.0814915
1.8054813
0.0
0.058044646
2.9618797
0.0
2.319805
2.2754729
1.6839379
10.788986
0.0
0.0
0.029831385
0.0
0.014459055
0.7635806
3.2709215
2.494363
0.06744611
0.0
0.055194534
1.6740646
0.0
1.1242973
0.0
0.3046794
0.1454965
1.8450673
0.0
0.0
0.07631697
0.002875941
0.3246896
0.69822305
0.28457004
1.1402247
7.0010514
1.3650507
5.2187395
0.35020205
1.7088037
1.931213
0.0
0.32281324
0.10788426
3.9310222
2.1428661
0.04948076
0.0
0.0
0.0
0.0
0.0
5.776918
0.0
0.21226387
0.0
4.229386
0.015207848
0.12925763
0.102446236
0.6636975
2.17057
0.5318958
0.0
0.0
0.26506564
0.0
1.7545776
0.04619322
0.0
0.3398329
4.429218
0.68526375
0.16549939
1.027564
0.3072441
2.6800718
0.012667814
11.327103
0.0
2.0853848
0.0
0.0
0.007740035
0.0
3.6519961
3.001807
0.08666824
0.044565696
0.0
0.0
1.6744561
0.8865789
0.0
0.57157946
0.05256825
0.4697315
0.0
0.08115453
0.010587695
3.7857707
0.5793183
0.6803817
0.0
0.0013820346
0.012265198
0.21100141
0.019189896
2.6535015e-05
0.5127935
2.9730256
0.11360442
0.0
0.09659812
3.9594095
2.866945
0.10623586
0.8129381
0.16657434
0.0
4.2591767
0.0
0.0
0.0109951105
0.08508079
0.21352075
1.9606966
0.23825143
2.7028842
0.0
0.0
0.0
1.0300086
0.3643131
0.19355883
0.1337364
0.062282164
0.0
0.66151834
0.04419317
3.6338167
0.21647573
9.1527
2.9358785
2.9729433
0.23916778
0.0
1.2583812
0.47311723
0.0124547
6.6229615
0.00858711
1.9803021
2.6761198
0.0
0.0
1.5958099
3.5056567
0.0
0.6530897
2.2626941
0.1571401
0.10760164
1.0780604
0.12356847
1.2650695
0.0
0.0
2.1409214
0.18146819
6.9019957
0.4985718
0.0
0.015315134
0.5562695
0.0847224
0.037679605
0.7318458
0.4194004
0.0
0.5935044
0.4736974
0.0
0.0
1.4415613
0.11830062
0.040320013
0.60357314
0.0543627
0.20440973
3.8850155
0.0
0.0
5.257856
0.0
0.23444015
2.3650215
1.3423806
0.06223548
0.25085676
2.8008137
0.06167315
0.0
0.36333513
0.032547176
0.0
0.0
0.0
0.71322095
0.0
0.47202456
3.7016094
0.12654558
7.182703
0.0
0.0
1.0107156
0.0074979067
3.5879269
0.6726775
4.130635
2.2353625
8.201142
0.48405924
0.68738073
0.11786784
0.0
0.2525156
5.9603386
0.016648006
0.028158396
5.1265836
0.0
0.09167052
3.8270478
0.67091495
1.141088
0.0
0.0
0.0
0.3492844
0.044073194
0.0
9.703665
2.4052422
0.13918382
1.120812
2.8874276
7.687995
0.1604096
0.0
0.0
2.9629703
0.022640944
0.0
0.0
0.0
3.0504313
0.020565646
5.816138
0.0
1.6245869
0.0
1.651714
0.015321736
0.01897216
