0.0
0.0
0.0
0.0042614695
0.29471347
5.2405844
4.743244
7.5323367
0.042547494
4.7304287
2.0507934
1.4125472
1.1265993
0.0
1.3484155
0.0
1.4259243
0.09530224
2.2709565
4.6964126
0.3791887
0.9789879
1.1145382
0.0
0.0
0.13389987
0.053129673
0.0
0.8541222
6.261227
0.35993916
1.655748
0.45198417
0.5027234
0.78932923
0.0
3.577448
0.0
0.0
0.0
6.468535
0.89253736
0.5020937
0.50046253
0.0
4.780694
0.0
0.0
8.866436
0.0
0.0
0.03883249
0.0
0.0
5.664342
0.03982283
5.0187907
0.0
5.26667
0.36153987
3.2763567
0.0
1.4384834
0.0
0.0
0.03703547
5.560972
7.6343
0.3585814
1.8643261
0.0
4.9644585
2.0581043
0.018429304
0.27539283
0.0
0.6124466
0.045980293
0.039210577
0.14304478
0.36796668
1.6365492
0.0
0.0
8.03992
0.0
0.09952424
0.0
0.3390511
0.0
0.22208111
11.917232
0.61334956
2.092524
0.0
2.888497
1.8587765
11.900915
0.0
1.09298
0.30354953
0.0
0.0021299708
0.0
0.0
0.6703979
0.022184348
0.0
1.3313177
0.0
0.0
0.102207534
0.0
0.0
0.0
4.40317
0.6055599
6.086254
0.0
0.32969716
0.62621206
0.17823333
0.10838092
0.0
0.0
5.539508
6.409186
0.0
0.0
0.10176205
0.0
1.4904288
0.074950896
1.7907414
8.992128
0.0
0.42507502
0.10383653
0.07688426
3.792922
1.981276
0.0
0.60897076
0.49428308
7.537525
0.6964383
1.6545094
0.32647648
0.58964247
0.0
0.03900566
2.7509427
0.005166852
0.0
0.0
0.0
0.44592518
0.0
1.4898477
0.0
0.22677836
1.4417344
0.0
0.0
0.0
0.0
0.0
0.21640976
0.123696774
0.0680256
0.014268676
0.0
0.0
0.0
0.0074367863
0.0
0.0
0.0
0.253504
0.0
0.0
0.0
0.60502464
0.048545387
0.0
8.30987
4.8081255
0.00725552
0.7512775
0.9144683
2.32098
1.1822814
2.0866935
2.8789601
0.0
0.7558379
0.0
0.0
0.0
3.8180003
0.0
0.39964283
0.0
0.0
0.0
0.5754132
0.0
0.07261261
0.10422564
0.0
0.0
5.052457
9.095633
0.0
0.085083514
0.0
0.8463176
0.0
1.2720891
0.26902086
0.0
0.0
0.0
5.0137134
0.110675365
4.544542
0.59144557
8.599536
1.3374826
1.4999201
11.014335
0.0
0.40977603
0.0
0.0
0.0
11.903616
2.1472135
0.0
0.5729374
2.9827273
2.6506283
0.0
0.016490951
0.0
0.05938973
0.0
0.0
1.081802
0.0
0.0
0.23393479
0.013861476
0.24322732
0.031048086
0.0
0.34026566
0.20005654
0.010881293
0.003006799
1.8194681
0.70947427
0.0
1.6542965
0.0
0.0
0.0
0.019895762
0.4434932
0.0
0.0
0.0
6.582575
0.020043612
1.884586
0.6078049
0.0
1.2592981
0.0
0.0
5.59425
5.027803
0.0
0.9106522
4.536152
6.5524926
2.0419102
0.0028022346
4.7337584
0.7450386
2.2910988
0.0
0.0
1.1343637
0.0091700265
0.0
2.9699368
6.1744184
0.0
0.28795114
0.0
0.0
0.0
1.0136452
0.0
0.0953287
0.004835691
0.9136516
0.018716885
10.6540365
6.0189743
0.2489786
5.548202
0.0
1.6552709
1.4410228
8.899145
1.6245258
0.0
0.0
2.858717
0.0
0.0
1.6249272
1.2769021
0.16223979
0.029657563
0.0
0.018698396
0.0
0.0
2.6835663
0.0
0.0
1.2451489
0.0
0.08094589
0.0
0.0
0.0
0.0
0.68159246
0.0
3.0986888
0.0
2.4356334
2.2380695
0.2641298
2.1012528
0.0
1.4955628
0.0
0.0
0.26544932
0.03430543
6.8684707
0.13482842
0.1888792
0.0
0.0
0.005962732
0.6358856
8.126366
1.6765188
0.0
0.0031721788
0.5763257
0.0
0.2991641
0.01366194
0.0
0.03261521
0.44657233
0.10242519
4.6664143
0.0
0.8424637
0.4681276
0.0636742
0.21054402
0.06432368
0.0
0.93974984
0.0
0.0
2.51929
0.8636592
0.0
0.0
0.20346726
0.040915977
9.187454
2.546479
9.016703
7.7510424
0.4527278
1.6840413
13.536573
0.0019095333
0.33333257
0.1573847
3.8157864
0.08220622
0.03669311
0.0
0.42472
1.1242356
0.0
0.0
0.0042056893
0.22621593
0.029311571
0.23200724
0.35018653
0.0
0.0
0.0
0.6566714
0.0
0.0
0.0
0.010453064
0.0
0.1462632
0.8235039
1.1185263
0.06502865
0.14420125
2.5947905
3.174436
1.059904
0.036992904
4.999485
2.0008137
0.00033242363
0.54615945
0.071908884
0.0
0.0
1.2963456
1.0510644
0.07356315
0.13670477
0.35401005
0.33132482
0.0
0.0
0.0
6.714222
0.0
2.8051198
0.05514415
1.292803
0.0
7.4216743
0.0
1.72288
0.0
0.017789116
5.7597575
2.5022414
2.096187
0.0
9.830287
0.0
0.23441595
1.2632728
0.0
0.0
0.04693773
0.0
3.5421774
0.0
0.9149358
9.766064
0.0
0.3320167
0.0
0.89896905
0.0
0.10902462
0.648868
0.26140636
0.5250617
0.0490541
0.0
4.541958
0.10415166
3.001067
0.053716455
0.023658855
2.9115486
2.9548867
0.15566629
0.2845409
0.0
0.07875906
0.82818747
0.0
2.2944562
8.111004
0.0
0.25987273
0.29683423
0.0
0.4209367
0.21745242
0.0015227697
0.0
0.0
0.0
2.7259057
1.7776167
6.7490587
0.0
0.0
0.009569
2.371182
1.2128782
2.4195738
15.354746
7.1539893
2.1661339
0.030369855
0.0
0.0
0.0
0.0
0.036727797
0.0
3.830072
0.0
1.1852337
6.577983
9.59948
0.17430206
0.0
0.0
2.507123
0.12678577
1.4108418
0.45297143
0.40144563
0.1317357
0.28059033
0.31168193
0.34470674
4.442793
0.010374368
0.23496099
0.0
0.3128272
0.9907779
0.010818823
4.11838
0.0
0.0
0.0
0.36631894
0.0
0.0
0.0
2.4120953
2.5894403
2.3435066
0.0
0.0
0.5473953
2.5190194
0.0
0.0
0.0
0.015414078
0.0
0.0204291
0.0039795516
0.0
7.861438
2.5278494
0.0013159149
0.0
0.0
0.0
0.0
0.0
0.0
0.026816739
0.0
0.0
0.0
0.0
0.0794887
0.3645947
4.497322
0.048241343
0.77555126
0.0
13.485348
0.07453752
0.0
0.004051009
0.0
0.0
0.14387314
0.051456388
0.0
0.009414264
0.020489756
2.2875607
0.13169456
0.0
0.11042792
0.0
0.73420745
2.8219612
0.26661786
1.8879817
0.013871801
0.0
0.08923651
0.86516166
0.03781788
0.0
0.35785946
0.023067998
0.21683787
8.034887
2.152969
1.9359773
0.525023
0.0
0.08161616
0.030416235
0.21038486
0.0
0.012788777
0.16243467
0.0
0.019028265
0.0
0.051810123
0.0
0.0
1.4664768
0.0
3.075948
0.0
0.35413337
0.091274805
3.114994
0.0
7.6878986
0.0
0.020242773
0.0
0.005578343
0.016191011
0.04995647
4.0140476
4.461385
1.7087942
8.563544
0.41695425
0.796431
0.0
0.7920871
0.0
0.31037384
0.0
0.0
3.1182895
0.0
0.0
0.0
0.0
0.14909762
0.14004989
0.7814919
0.043477923
0.0
0.13244833
0.051080342
2.8116305
0.0
2.9573138
0.0
0.0
0.0
2.632556
0.06168347
2.671707
0.0
0.0
2.5796423
0.0
6.823204
0.23889478
0.82474494
3.6819704
2.1886995
0.45548373
0.0
0.18969983
0.96850824
0.43080965
0.0
0.0
7.133576
0.0
0.035034657
0.0
0.12465506
7.2979574
1.8386495
0.0
0.0
0.0
0.0
0.0
9.652516
2.156226
0.4690491
0.5007352
1.6076274
0.0
1.4296073
3.7078218
0.28638732
0.014125096
5.266234
0.0704629
1.0372006
2.6314533
0.062516235
0.57791716
1.3867711
0.0
0.67207694
1.9528269
0.013246135
0.0
1.2115772
0.0
0.0
0.08356534
4.0045915
0.0
1.3791808
1.5981547
0.0
0.0262007
1.4749558
0.0
0.0
0.0
0.0074889758
0.09144357
4.2616696
2.749185
0.0
0.1547778
0.0
0.11019852
0.0
0.7060265
0.016641608
0.37653506
7.02461
0.19105197
1.7869163
0.0
4.6648135
0.07183125
0.09935397
2.5397778
1.2234883
2.8590386
0.0
0.0
0.14341766
1.1117018
1.798092
0.0
0.7375803
0.4123236
0.18007395
0.74928415
0.8107694
2.178259
0.0
0.0
1.0297031
0.08072184
0.012158195
0.0
0.0
1.649669
0.0
9.216795
4.0759697
0.014797283
1.73384
0.0
1.0768744
0.0
1.4625006
0.0
0.9754058
0.0
0.0
2.2372334
0.0
1.600128
0.0
0.0
0.0
0.0
0.039772797
0.3197004
0.4709009
2.9532185
0.018279616
0.0
0.046707347
0.0
0.0
1.1709217
0.0
1.2742838
0.88719136
0.0
1.1597444
0.07992163
0.0
0.28600955
2.7164788
0.07005115
7.602544
0.60084194
0.0
7.519353
0.0
0.2517672
3.487456
0.02769302
0.0
0.0
0.0
0.023343846
0.0
2.112337
0.0
0.0019508819
0.0
0.0
0.022343231
4.996685
0.079794586
0.0
0.021312743
0.0
1.4236776
0.13569576
0.0
0.0
0.0
0.26023188
0.9677134
1.5462412
0.0
0.0
0.09532795
0.946871
0.0
0.023131516
0.0
2.435938
0.0
0.14258331
1.9376613
0.10988025
0.7529396
1.6685653
0.00012489241
0.0
0.0
0.9064132
0.3503712
0.37254286
0.9772402
5.567413
0.0
0.09259212
0.0
0.020933796
0.0
0.0
0.65385646
2.134379
0.0
9.592051
0.0039556706
0.01969899
0.0
5.093317
0.0
6.1408033
0.0
1.1420251
0.0
0.0
0.0039406833
8.237749
1.1062742
0.0010664414
1.427495
1.8080057
0.12540454
0.05867948
1.1367486
0.2575251
0.004355029
0.6485954
1.2035048
1.683881
0.0
0.060545016
0.08988014
0.0
0.11638953
0.0
0.0
9.326163
0.929868
0.0
0.5900176
0.0
7.806346
1.5423777
2.6052742
0.0
6.6898313
0.004562835
0.0
0.6850256
1.9660621
1.34174
0.0
0.0
1.6703465
7.536594
1.0523232
0.0
4.844562
0.0032275892
0.0
1.2309694
0.0
0.0
0.0
3.9457974
2.5407946
0.0047045825
0.12426291
4.077218
1.0027325
0.0
0.21029143
1.035194
0.0
4.041431
2.2000556
2.8083382
0.002784617
0.0
0.013022228
1.7420374
0.020890003
1.1003727
0.0035629126
0.08900089
1.2380913
0.0
0.0
0.0
1.2510779
1.2555546
0.0
1.4972771
1.6749152
5.4127235
0.0
0.061299335
0.0
0.07776906
0.31614745
0.61841947
0.0
0.0
0.0
0.0
2.0850637
0.18998876
0.18265358
0.21884151
0.0
0.001710921
0.76739764
0.0
0.046363626
4.191923
0.0
1.4708365
1.7532413
0.19466266
0.0
0.0
1.6387887
0.0
0.0
0.6258057
5.1805763
3.5573688
0.0
0.051177625
0.0
0.0
0.014925738
0.0
0.0
0.0
2.6638968
0.5288192
0.0
0.741628
0.0
3.330015
0.0
0.11734696
0.023694586
1.1243011
2.8767354
0.43807906
0.0
0.030521093
0.40401787
9.128331
6.7948647
0.0
0.0
0.0
0.0
0.599303
0.17917752
0.12436608
4.80048
0.0
0.0
1.793389
0.20945205
0.54181945
0.22023839
1.9142559
0.21544844
7.36415
0.0
0.0
0.46768606
0.008405199
13.150517
0.083830506
6.0568924
0.0
3.560899
0.0
0.53058445
0.0
1.4906853
0.0
0.16051202
0.0
0.023189014
1.6560129
0.0
0.0
0.3162344
0.0
0.002386115
0.0
0.0
1.0387361
10.595751
0.0
1.8796774
0.12830402
0.0
0.038383465
0.0
0.0
0.0
0.0
3.0226412
3.5704691
0.034632068
0.8355168
0.0
0.0078121643
0.57525563
0.77855605
0.0
0.2703985
0.08023043
0.13637125
0.061412968
0.09539632
0.0
3.7800112
3.275726
0.9583547
3.5660255
2.6399553
9.940382
0.25859416
0.7974398
0.0
0.342914
3.6034446
0.0
3.7369962
3.7860348
0.0
0.0
0.0
0.0
0.28162596
0.0
0.3900969
5.552118
0.0
10.255617
0.0
2.9494712
3.1211946
0.0
2.116541
0.0
0.0
0.16940837
3.8909879
0.0
0.0
0.67503434
0.0
1.2003686
3.4780397
0.0
0.0
0.0
0.21773951
7.597209
0.0
0.0
0.0
0.73258966
0.20275454
0.061474495
0.018256418
0.46757954
1.1724608
0.0
0.0
0.0
6.747324
0.0
0.0
0.0
0.08478546
5.7087812
0.09434906
0.8093884
1.4342952
1.5791763
0.0
0.75320745
0.5864017
3.040744
0.094859846
0.49826038
0.5015565
0.62468195
1.2917992
0.052866798
4.3088484
0.2538943
1.2170401
0.18067902
0.0
0.0
0.0
6.9448323
3.5783277
0.0
0.0
0.815501
0.0037814865
0.0
0.0
2.9032078
0.23895754
1.6284097
1.0943894
0.0
2.5426807
0.0
0.0
0.0
0.0
0.0
0.010498244
0.0
0.32965025
1.5386626
0.0017134243
0.010570159
0.7074354
0.0
0.0
0.35912803
0.0
0.0
0.3001187
4.777
0.0
0.0
0.0
5.913713
0.0
0.0
1.423462
0.0
1.2933997
2.6248894
0.0
7.37309
0.0
0.0
2.438918
1.5829034
0.0
0.22589454
0.26041916
0.35879683
0.0013812659
0.45172295
5.8136864
0.0
6.0645733
0.5925634
0.0
0.14530256
1.7588273
0.23852913
0.0
0.0
0.0
0.027739754
8.494298
6.3205075
2.4827619
0.079761416
0.0
11.03017
1.0661757
0.30057892
0.0
0.38781726
0.051384993
0.82948285
0.0
0.0
0.07076276
3.7313957
4.87432
0.83216155
0.32078296
1.151491
1.7370576
0.0
0.0
2.9236958
4.943788
0.0042581023
0.0
5.829535
0.0
8.338555
0.6178264
3.3732226
0.60414207
0.08976939
0.0
1.0719792
0.43993166
0.6965662
0.053340647
0.0
0.14160949
0.36632046
0.014267635
0.6601061
3.075889
0.06707598
0.14710325
0.63398963
0.0
0.0
1.09308
0.0046665813
0.0
0.0
0.0
0.0
5.4128127
0.0
0.11773177
0.0
0.0
0.7539363
2.5109324
0.0
7.958435
0.0
0.0
0.007693308
0.008753241
0.32772875
5.778815
2.339201
0.045648046
0.0
0.07140358
2.5378592
6.8892055
3.3835
0.0
0.0
4.1935306
0.9857557
0.0
0.6303334
0.0
10.362419
0.0
2.802323
9.174273
0.087956876
0.0
4.382349
0.0
0.0
1.622357
0.41635
2.6110957
1.1246668
0.015459873
3.359564
2.11018
0.43490985
0.844696
0.0138612185
0.58188367
0.0
0.81172687
2.1494389
1.2424875
0.0
0.9451251
0.0
0.0
3.9287345
2.585833
0.8892072
0.25875
0.27380082
0.04416631
4.559201
1.5979992
0.0
0.07956445
0.0
0.5994475
8.4800625
0.0
1.8158866
1.0521412
4.559978
0.0
0.0
0.016919019
4.2092366
0.0
1.1547381
0.0
0.0033650107
9.751195
0.053777453
1.8752245
1.438834
0.0
0.0
0.0
0.21477777
0.014213897
1.695607
0.0
1.1281686
3.7510426
2.0057964
0.0
3.8274567
0.0
0.0
0.17052121
0.0
0.040227942
0.44799525
6.199642
0.0
0.0
0.0
0.041813258
5.297821
0.025389466
0.48059854
5.365639
0.0
0.42708004
2.4587321
0.3110404
0.90296125
1.152086
1.8084083
0.0
0.43741137
0.42119893
0.94486076
0.0
0.0
3.977936
0.91574323
0.5058479
3.5465028
0.674158
1.6683949
0.0
0.1986003
0.1856983
2.136358
0.0
0.0
0.0
0.907595
0.0
0.11192701
5.535404
12.726036
0.0
0.0
2.2613828
0.6494533
6.388643
0.0
0.0
0.40419957
0.0
0.0
0.0
3.7057407
1.8520522
0.0051682894
0.0
0.05652636
6.254761
0.47623798
0.6880137
0.0
1.465649
0.0
0.2444386
0.37265652
0.06129807
6.033911
0.1560298
0.020067
3.123937
3.9943078
0.0029771181
0.0
0.0017695889
1.104492
0.0
0.500314
0.0
7.262666
0.32089478
0.0
0.0
0.07731496
2.666274
2.28274
0.009813182
4.3522663
0.0
2.625954
0.0
2.0673454
1.357377
0.0
0.095152356
0.17989254
0.015603562
0.0018411267
0.40568033
2.9273722
0.19219482
0.0
0.0
0.0
0.0
0.04186703
0.0
1.7225088
0.0
2.0019574
3.211248
0.0
0.09979445
0.99506
0.0
0.024370767
0.03595295
0.0
0.13027634
0.39328548
3.0237317
0.043477856
0.23878969
1.5466775
0.2378217
0.4876959
0.0
0.0
3.0259156
0.71043295
1.2521075
0.0
1.3443322
12.9914875
0.0
0.18392323
2.6417081
0.3607733
0.0
3.1253176
2.7644382
3.604519
1.8904959
0.19297422
0.0
0.16947958
0.0
0.030320257
0.0
1.2348213
5.446688
0.0
1.069967
0.0
0.0
0.0
1.9098953
0.0
0.0
0.13183238
0.0018420682
0.0057248
0.0
0.06840844
0.0
0.22705057
0.0
1.6736689
0.0
0.82898414
0.3323568
0.0377541
0.0
0.0
4.6542606
0.019681366
0.0
0.023206025
0.0
0.0
0.0
2.5277262
4.2422113
1.8919919
0.0
3.0976224
2.4349484
0.0
0.0
0.0
0.0
0.0
0.043228004
0.041508235
0.055930737
3.6250691
0.61735076
0.0
0.0
4.719806
6.9254103
2.2903867
0.0
2.3794415
0.0
0.0048073116
0.07655461
0.016457947
0.0
2.1951885
0.002916229
0.00020003319
0.07114211
0.26711234
0.0
0.0
4.5635376
0.0
0.35082775
0.42903376
0.28804457
0.0670569
0.0
0.0
0.0
0.07495771
6.5466485
0.074345246
0.0
1.2301294
0.72194946
0.0
2.2555392
0.0
0.0
4.9769645
0.0
0.74389136
2.8014395
0.0
0.0
2.0164125
0.0
0.0
0.43529928
0.0
0.0
2.4320161
1.8416753
0.0
4.5778546
4.16107
0.0
0.0
0.52800417
0.014380244
0.37811765
0.0
0.0
1.0452726
0.6981417
4.5379105
0.0
8.469085
2.9050047
1.1841127
1.6549598
1.3605644
3.0032508
0.0
0.75594
0.0
0.0
0.16556498
0.101414576
0.0197167
0.005659507
2.6175413
0.60396326
0.0
0.0
0.45050186
5.1137
5.601073
5.143795
4.499729
3.331737
0.44759735
0.00025480377
0.0
5.558866
0.07839028
1.9157745
7.582755
0.82318896
0.7621256
1.4750116
0.0
0.0
0.10247368
0.7734322
0.72970253
0.10948868
0.66268927
0.0
0.41964418
0.0
1.4804097
6.1713114
0.0
2.2801635
0.0
3.76556
0.4928982
0.47462627
4.967735
0.0
3.3475585
0.038700555
12.375668
7.9875226
1.3899939
2.5373142
0.44906053
7.419917
0.0
0.0
4.286995
1.29534
0.006858658
0.16179588
0.32191133
0.07935544
0.0
1.6111059
10.962244
0.0
0.06804278
3.056907
0.0
0.0
0.0
2.0577805
0.0
7.651949
0.019368349
0.25816792
0.0
0.0
0.0010112281
0.0
0.0
0.017676078
0.7978036
0.0
0.005158563
0.0
6.4708333
3.3335798
0.0
0.1610769
5.8112664
0.11661358
1.72581
9.100885
7.1259623
2.0405374
0.0
0.0
0.0
0.0
0.3741965
0.02307586
1.7822374
0.0
0.04956478
0.0
0.0
2.0735874
0.0
5.7418847
0.0
0.0
0.32721415
3.3391469
0.02596644
5.28234
4.705006
0.1241922
1.1982551
0.0
0.30111647
0.2830762
1.0474111
0.044351667
0.0
0.014871938
2.981798
0.0
0.08297005
7.038119
9.170079
1.86952
1.5904903
0.0
0.0
0.0
0.0
0.16187155
1.2296721
6.6106424
0.0
0.64760953
0.0
1.3070899
0.02280165
0.0
0.0
0.09900151
5.80799
0.16514307
0.04280364
0.04226046
0.0
0.0
4.2876863
0.0
0.0
0.17874801
0.043871082
0.012872326
0.57887304
0.0
0.7537384
0.0
0.0
1.4509543
0.0
0.60030603
1.1174047
0.15267389
0.50804114
0.0
0.0
2.852584
1.7311579
1.5475651
0.45808968
0.06236925
0.030191272
0.0
0.0
0.0
0.014884452
2.1032188
0.0
0.19851677
0.0
1.3608301
2.8841267
0.0
0.0
0.6481483
0.0
0.0
11.339749
0.0
0.0
2.03906
4.7114906
2.183758
0.0
0.025510758
0.0
9.06776
3.2811084
0.06801585
0.029315887
8.671302
0.0
0.058485202
0.0
0.15603703
0.0
1.4492537
0.0
0.0
0.013581108
0.0
0.0
0.08872289
0.33862862
1.6796153
0.0
0.0
3.3673408
3.4223835
0.14359352
0.7745097
0.53678054
5.7468543
0.1242644
0.0
0.0
0.11323414
0.0
0.040623885
0.0
2.511199
0.0
0.022541348
7.7613163
0.7545638
0.047937978
1.3297099
0.0
0.0045206863
0.027823852
0.09651161
5.8760524
0.965355
0.19755705
0.027672252
0.08793345
0.0
0.24141227
6.726021
4.365813
0.05037084
1.396194
0.0
4.617056
1.2722921
0.17954546
0.0
0.8967064
0.0048165903
0.0
0.0
0.0
0.20310387
0.0
5.411802
0.059032537
0.242459
0.0
0.0027461587
2.2293973
1.3100185
0.01917225
0.68399125
1.3826869
0.19238554
0.0
0.9059107
0.4497613
0.43239075
0.0
0.024425175
0.0
0.35162485
0.0
0.25735086
0.0
0.072633386
0.1440806
0.03295936
0.0
0.057982832
0.0
0.075624
0.91962886
0.29763994
0.12813315
0.48226714
0.0
0.030197514
0.041198876
0.21537945
2.4746838
0.64769053
1.5482988
4.3455267
1.4424952
0.0
0.0
3.2954326
0.0
0.8297767
0.775577
0.0
0.00057123386
9.919472
0.03897151
2.284625
0.0
0.0
0.038783945
0.0
0.71771467
0.0
7.2502055
4.0724616
0.06105351
2.1977882
0.0068148985
0.6827525
0.0
0.33729437
0.78627545
2.5258424
1.5080649
0.0
0.6759616
0.0012809889
3.972107
0.0
0.9620364
0.0
4.831583
0.0
3.6541634
0.21174723
0.0
