7.0261345
0.074061394
3.1803763
0.0
5.295308
4.0193577
0.004721245
3.1683433
2.7021697
0.85134244
0.22063789
0.0
0.0
0.06642714
0.0
1.5728832
1.5564828
0.0
0.0
0.0
0.0
1.8426813
0.0
0.0
3.1005378
1.7219576
4.1009007
0.77366555
0.0
0.027870987
0.021970155
0.0
0.0
0.0
1.0783464
1.554749
2.5803642
0.0
0.0
0.27265677
0.0
0.112430036
11.017281
4.707057
0.0
1.053019
0.1410234
0.8618487
0.09211239
0.021693928
3.0145783
1.1527817
0.0
0.0
0.0
0.6445707
0.0
1.7926488
0.0
0.0
0.07297415
3.1678402
0.0
1.798841
0.12464465
2.4249244
0.04354685
0.11258173
0.019952232
1.3455297
0.0
0.5730728
0.02116153
0.14932394
0.0
0.0
0.0
0.013300983
2.9265714
0.3620783
0.0
8.836222
2.1114225
0.0
0.0
0.0
0.21784441
7.158039
0.0
0.0
5.1684294
0.0
0.0
0.0
3.425987
0.0
3.7460194
5.4273696
4.6648707
0.54845876
0.10785893
0.021497717
0.0
2.021696
2.121645
0.678744
3.9574392
0.0
1.0124485
2.458767
0.6241629
17.848602
0.003878085
0.0054420913
0.0
0.8105796
0.15609457
0.0
1.8067293
0.0
0.0
0.0
0.0
0.055715103
4.1349335
0.07848816
0.24652968
0.0
0.9202538
0.0
0.063884005
0.0
4.111322
0.0
0.0
0.18713951
0.0
0.17596385
0.1597567
1.4457169
4.307984
0.8989145
6.98313
0.41021156
0.0
0.0
2.378499
1.4959997
8.382991
0.0
1.7247361
1.8543568
1.2009124
2.953296
4.1761484
0.003697619
0.0
0.0
0.13986461
4.4877343
0.07928912
1.0474153
0.0
0.0
0.3094761
0.19326556
0.17942926
0.05138348
5.2885017
0.0
0.0
0.0
5.235583
1.0664338
2.530804
0.0
0.0
1.750533
0.020228865
4.707395
0.0
0.094175145
0.0
0.03686155
2.2091112
0.32044637
0.3686156
0.0055261534
4.774723
0.17680523
0.0012200195
0.1586377
0.9455951
0.0
3.815383
0.0
0.0697788
8.423721
0.0
0.0
0.8100514
0.0064085308
0.6396356
0.0
0.17462534
0.03582369
1.8973958
0.078364305
0.3970994
3.1259875
0.082268246
0.03319537
0.0
0.20582624
0.043910842
3.5483472
0.094733596
0.0
0.27000836
0.0
0.0
4.352979
1.2717077
5.270907
0.0
0.0
2.0497932
0.0
0.0
0.046834964
3.176078
14.032596
0.070197016
6.093343
0.0
4.8112807
0.0
1.035333
1.8082104
0.38863716
0.48355052
0.0
0.0
0.3753582
0.00014673933
0.44657847
0.0
0.0
1.4189869
0.0011147091
0.012315599
0.0063127014
0.08745221
0.44741455
0.0
3.6003816
1.0665017
2.4324217
0.0
1.0397695
1.3638053
5.0004115
0.0
0.0
9.127924
3.5647728
0.0
0.0062736757
2.695982
0.18746828
13.247122
0.0059136883
4.3298
0.0
0.0
0.0
0.13523678
1.104702
3.8264198
0.0
0.0
0.16934666
0.0
0.0
0.0
0.23646328
0.0
0.08717693
2.336347
0.20071886
5.4029303
0.0
5.8246393
0.732458
0.0
0.0
0.0
0.0
0.03757776
0.0
0.31453517
1.9278163
0.0
0.23274852
0.0
1.8186727
6.102029
0.0
8.733642
3.3733842
4.485527
0.032312404
0.0
0.0
0.0
0.3844995
0.10029133
0.0
0.0
1.0895289
2.3371315
0.0
8.354157
4.012808
0.0
0.29019836
1.1407952
0.05382965
0.0
2.04264
1.9460679
0.07328393
0.22442093
0.0
0.9978658
0.38882545
6.8233666
0.0
0.117712826
0.0
0.2668354
1.6529704
0.34739202
4.082565
0.0
0.0
0.0
0.0
0.0
0.0
0.46617812
0.0
3.9585185
0.0
0.0
0.013413303
0.0
0.89159703
0.0
0.0
0.0
3.6749432
0.0
3.368903
2.0342247
1.7378768
2.1372602
0.0
0.017054774
5.2664504
0.56091124
0.27871618
0.0
0.004674615
0.1331894
0.2964729
0.0
0.0
0.24773954
0.0
0.080598615
3.2959044
2.63662
0.0
0.0
2.3947015
0.0
0.0
8.33013
0.0
4.3966227
0.09019151
3.6426663
0.7585489
0.0
5.529929
0.0
7.378737
0.0024060328
0.0
2.0988219
0.0
1.4938984
4.8008094
0.0
0.025279514
0.79434055
0.0
0.0
2.122656
0.0
1.3127908
2.0154157
0.02272707
4.0057187
0.0
2.0755324
0.16455117
3.7086983
0.0
1.4286752
0.0
3.5199177
0.5838645
0.3197798
2.2794595
1.0730292
0.24324892
0.3431728
0.0
0.06266867
0.0
0.031966165
0.0
0.0
2.6401548
3.0839105
0.02557955
0.2037881
1.3211808
0.0
0.5144457
1.8723359
0.0
0.89624363
3.2256837
0.0
1.8542899
0.028875181
0.015232453
2.2227132
0.19118963
0.0
0.076664396
0.7863749
0.0
0.0
3.5032094
0.25147158
2.863259
0.63939625
0.034934208
0.0
0.0022117994
0.62849516
0.9821639
0.18044569
6.015216
0.0
1.1215447
7.3908734
2.2567313
0.0
0.0
0.0
0.0
9.380183
0.03394562
0.015073514
0.0
0.06022843
0.8568486
3.4541929
0.18776788
0.0
2.0370116
0.31272906
1.5235022
0.08029788
0.0
11.319669
0.0
0.01425502
0.0
0.0
1.106078
0.0
0.5993928
0.0
0.0
0.0
6.169664
0.0
1.1528952
1.912507
1.8671763
2.3920434
1.283122
0.0
0.5198525
0.0
0.0
3.9226453
2.5431535
3.632671
6.2585993
0.0
1.1893759
3.5126798
0.56614095
0.26383683
3.1462638
0.2835334
0.3964413
0.0
0.0
0.6831662
0.0
0.68125176
0.70483506
0.79984844
2.0567012
0.0
0.3413347
0.0
0.561562
2.5076747
0.0
2.5297275
1.9501766
0.41346624
2.2769182
0.0
0.0
0.10039387
0.0
0.036526173
0.0
1.3176646
0.0
0.0
0.51628244
0.0
0.03821963
0.0
4.6877723
0.0
0.0
4.7783666
0.079529785
0.07460343
4.5636744
0.0
0.038951527
0.0
1.0436969
0.0
0.108475715
0.0
0.0
1.2886996
0.30609456
2.140416
1.6947227
0.0
2.9323306
0.09433431
0.22488427
0.0
0.0
0.0
3.820065
0.012260484
0.014320763
0.0
6.5451274
0.6273799
3.1784148
0.0
0.9592118
0.0
0.0
0.0
0.0
0.0
0.0
6.4681134
0.0
0.038504563
4.7129574
0.0
0.20623717
0.0
0.0
0.0
0.0
2.754401
0.0
0.0
0.0
0.025842438
0.0
0.29301324
0.0
0.0
0.0
0.0
0.019166678
0.0
3.2523518
0.0
0.92004895
0.17838803
4.8587427
0.06602415
4.9618716
0.0
0.09024886
3.1211133
0.0
0.73711646
0.0
1.9015459
3.1280408
0.0
0.0
0.50802165
0.0
1.0903511
0.041288197
0.0
0.0
0.012521501
0.19850735
0.11962764
0.31825978
0.0
3.3513308
0.0
0.981946
0.0
0.0
0.0
1.7469876
0.0
12.196353
0.0
0.37289736
0.07380777
0.0
0.031728953
1.2731001
8.7403555
2.7336497
0.06749814
0.32687658
0.0020044676
0.23531182
0.0
1.9990972
0.12839249
0.0
0.55244756
0.0
0.88040614
0.0
0.03458821
0.23689552
0.07856256
0.8308284
4.171372
0.0
0.0
3.7332296
1.1967683
2.254002
8.532427
1.1689351
2.9283445
0.028269617
0.0050716936
0.250919
0.0
3.1435282
6.500134
2.4743578
2.807524
6.185551
0.99205965
1.266103
2.255324
7.053829
1.4204291
2.9271915
0.07976725
1.9519826
5.3256817
0.76715285
1.5315791
0.0
0.0
0.20984884
0.0
0.0
0.0
9.276486
0.35731357
0.30523533
0.38993558
1.1716228
0.0
0.0
0.43261224
0.0
0.0
0.0
0.0
0.0
0.7382999
11.789053
3.3028154
0.6829251
0.011268552
0.4236458
4.130732
0.08073028
0.9654828
0.5327383
0.4670929
0.47506726
0.7818318
0.45956394
4.6379356
0.0
0.0054762266
0.3709901
1.2642931
0.0
2.14957
0.0
0.0
2.1475213
0.10161005
0.8395291
0.0
0.0
3.482336
0.78552544
0.670243
2.6541486
0.5850586
7.702164
0.0
0.014114139
0.0
0.0
0.0
0.0
0.1904485
0.0
0.44598618
0.0
0.0
0.0
0.008749651
1.9651322
0.12739453
0.0
0.0
3.5599546
1.3584381
0.019732751
8.807179
2.12208
0.0
3.1390057
0.0
1.1308311
0.0
5.2155075
2.7320702
0.79468787
2.0358467
0.7466922
0.0
8.902182
0.0
7.02466
0.0
0.0
2.0106218
0.0
0.44824204
0.0
3.225476
0.0
0.0
2.8165066
0.0
0.0
0.09419921
0.0
0.0
0.0
0.0
1.220593
0.0
0.0
0.0
0.0
0.0028098554
0.0
3.251367
0.1976968
2.2170582
0.0
1.1304648
0.0
0.13239
0.0
0.20662713
0.0
1.231697
0.0061578653
0.06685949
1.4337413
2.524168
0.5949277
2.684059
4.134607
0.00592241
2.1674328
0.0014186343
0.406391
0.0
0.9036136
0.0
0.05656138
0.0
0.0
9.599151
3.0164073
0.38142356
0.0
0.0
1.6464125
0.34112802
1.425695
0.17171198
1.9474568
0.0018382461
0.0
0.0
0.0
0.0
0.012036947
0.0
1.2420179
0.0
0.0208428
0.0057891826
2.9480174
0.41884258
7.053548
0.060115445
0.0
0.64171404
0.0
2.3298075
0.0
0.04577045
0.07271968
2.4198182
0.013204443
18.26205
0.0
1.4967173
2.557133
0.0
0.008689136
0.0
0.0
2.7177398
0.0
0.10861173
0.037222654
0.4520362
4.9080367
0.06908868
0.0
0.0
0.12819672
0.028396623
0.057977308
0.0
0.005450229
0.0
0.0
2.0315635
0.14993046
0.0
0.20026225
0.0
0.0
0.0
7.042468
0.0
0.004434099
0.99921924
1.1800685
3.2301025
0.0
1.6450762
0.0
0.0
0.7204656
0.20589182
9.122788
0.0
3.8775003
0.08353768
0.0061691515
0.0
4.0693874
0.0
0.0
0.0
0.045656476
0.046042778
0.7070813
0.030663714
0.0
0.0
0.0
2.2038968
0.71951574
5.8167243
0.009793984
0.551966
0.0
2.9019713
2.7020977
0.0
5.685355
0.0
2.3145757
0.027815858
2.9437008
10.234755
0.0
0.01033639
0.0
0.034991086
0.9305575
0.0
0.0
0.0
0.0
2.990521
0.05741242
0.0
5.065934
1.0889146
0.0
0.0
0.10931957
0.23493291
0.45780572
0.59072256
0.22696611
0.17848243
0.0
0.0
0.0
0.0
1.2894261
4.3996525
0.0
0.0
3.4338987
1.6345266
0.0
0.09567759
0.73291636
0.0
0.0
0.0
2.4638138
0.42808136
2.584985
1.9959223
0.0
0.0
0.0
3.6463528
2.526317
0.0
2.2207608
0.21312273
0.6940722
0.0
0.15760411
0.0
0.0
0.0
0.09680167
0.0
2.0481553
3.0973318
0.0
2.9853141
0.23880573
2.771156
1.9708577
0.053345695
1.1950855
1.1609527
0.0
0.6101
0.0
0.0
0.0
0.014843238
0.9650281
0.4742297
0.0
0.66034156
0.7854869
0.15357448
3.3871214
2.1911309
1.0364329
0.0
0.0
1.2728533
0.0
0.6301878
0.0
0.0
4.422372
0.0
0.0
1.898091
1.6245657
1.5578747
6.8975043
7.459359
0.3976569
0.036389828
0.0
0.0
0.19112529
0.0
0.75609976
0.4174625
3.1730115
1.3006254
0.9299561
0.0
0.08555934
4.270733
0.0
3.897992
0.0
0.0
1.1737963
5.4666867
10.299736
0.0
0.0
0.012891458
0.14799847
0.97811246
0.0
0.0
2.919993
2.6760762
0.9097686
1.6921052
1.1947546
0.0
0.0
0.0
0.0
0.0
0.0
0.0
0.0
0.0
0.6124637
0.048146337
0.0
4.173555
0.590793
0.0
0.0
0.0
0.04020833
0.09873622
5.0426254
0.0
5.9709697
0.0
0.0
0.0
0.0
2.722402
0.0
0.0
0.0
0.14694238
0.71836096
2.0314178
0.046208397
4.1239004
1.0147448
0.0
0.0
0.0
2.494529
0.0
5.361643
0.0
0.43157217
1.3053316
2.58666
0.11913784
0.012239787
0.0
0.0
0.11378224
0.0
1.200313
0.05439948
3.85559
5.468999
0.47786635
3.8452332
0.0
0.0
0.0
0.0
2.1575701
1.0051614
8.929968
0.0
0.9099165
0.0
0.5053454
0.0
0.0
0.0
0.0
0.0
0.0
0.37709862
0.0
0.0
0.0
0.011555932
0.6416253
0.0
0.0013079935
6.881991
3.2769494
0.27568573
0.42330194
0.004654249
1.4070765
0.0
0.028212346
1.032728
0.035435986
0.03718863
1.8582315
0.049956564
2.1141186
2.794142
0.0
0.0
0.094531894
1.438893
0.09852725
0.0
3.9759033
0.0899589
0.0
0.8285616
0.019719386
1.704566
2.7719033
0.58661014
0.0
0.46559283
0.23242672
0.0
4.9232864
0.0
0.14867096
5.34148
2.0539432
0.0018074658
0.0
0.8463091
0.5359986
0.06739862
6.014184
4.705992
0.0
0.0
5.9668565
1.2654771
0.054497983
0.0
0.083702914
0.0
8.775625
0.0
0.0
2.2334588
0.0
0.8835841
0.025856655
0.0
0.30839387
0.74573904
3.9141684
4.438663
1.439825
0.0
0.0
0.5486994
0.0
0.0
1.4807994
0.0
2.0821757
0.16892222
0.0
3.388445
0.7247655
1.8807644
0.0
0.0
0.30421647
1.7590681
0.0
0.0
0.688025
0.009361749
3.5548697
0.0
0.0043111527
0.47648492
0.9034578
0.15001588
2.7832417
0.77586365
1.6312405
0.0
0.0
0.0
1.5976216
0.3638695
1.3544964
0.0
2.6921098
0.0
0.030341722
0.0
0.3342945
3.2670534
0.2275327
0.0
1.8948958
1.1185856
4.425723
0.4879752
1.0923382
0.0
2.4087994
0.31867698
4.9788623
1.4154615
0.05673505
0.0
0.0
0.0
0.075672776
0.0
0.023929244
9.359281
1.1866012
1.2962028
3.90082e-05
1.2182944
0.05913138
0.6118376
0.0
0.0
2.0345163
0.0
0.0
0.0
0.0
0.6907745
2.1946952
0.02734447
0.0
5.0536766
0.0
0.9686108
0.0
4.6836452
0.0
0.334306
0.010505584
0.0
1.1549433
0.4686521
0.03986421
0.0039430177
7.5941095
4.528253
5.7583985
1.3720582
0.0
4.6686783
15.445997
1.8929518
0.0
0.0
0.21407253
5.307241
0.0
0.0
0.024640312
6.7824907
0.6278174
0.0034548994
2.8643076
0.0
3.9911094
0.5165897
0.0
0.0
6.2034082
1.0026723
0.0
0.0
0.47731638
6.2756023
0.6344958
0.3908377
0.0
0.3023154
1.7061067
7.250928
0.0
0.15937506
0.39725113
0.85316765
0.052267928
0.4625446
0.07867286
0.0
0.054122485
0.13719182
0.0
1.2312572
0.0
1.0759046
0.00874894
0.0
0.41570497
0.0
0.0
0.0
0.0
0.0
0.0
0.0
6.8930173
0.20201313
0.0
0.0
0.010547609
0.09773
0.24453056
0.3484462
0.0
0.08383268
0.0
0.08676758
0.0
0.12226457
0.0
0.0
0.0
1.0128857
0.03955162
0.0
0.9377488
0.0
3.4521058
0.78575486
0.0
0.08055082
0.0
1.783347
10.535815
7.443756
0.0
0.16381223
0.36165097
0.2581494
1.9479948
0.112549126
2.707298
5.981287
0.003754465
0.0
0.0
0.0
0.029579863
4.7898536
0.03628464
0.0
0.0
0.0
0.24917944
2.2173576
0.5378837
0.0
0.0062107556
0.44559604
1.822711
1.0221626
0.0
0.034095448
1.4132818
8.795169
1.0402223
1.6343093
0.022752697
2.5802474
0.018274663
0.06853169
0.24389055
0.9887625
0.53408986
0.12054408
0.53124833
0.06659896
0.99842554
1.3949875
0.54626095
0.0
3.419107
1.3555063
4.9372234
0.43734768
0.0
0.0
6.91524
0.0
0.0
2.4064295
0.0
0.093142964
0.0
0.0
0.0
0.004343393
0.0
0.0
8.262534
0.0
0.0
0.08255295
0.0051091593
7.5265036
0.0
0.0
0.0
0.0
1.3043997
1.2507972
1.4473861
0.0
0.0
0.44811666
0.0
0.47681847
0.0
0.023786964
13.591189
0.0
0.0
0.0
0.0
0.0
1.0141973
0.071325876
0.0
0.0
0.0
0.2288122
0.0
0.07053874
0.0
0.0
0.0
0.0
0.0
1.6860566
0.0016209033
0.0
1.6440516
2.7082329
0.08650013
1.8968357
4.024243
0.0
0.23572953
0.2756702
0.0
0.0
0.8173315
0.0
0.0
0.094192505
5.727527
2.816057
0.0
1.5533352
0.0
3.2944643
0.0
6.0735207
0.019915873
0.012578935
0.0
6.853167
0.02861016
0.07734338
2.905302
1.7512847
2.037954
0.10681648
0.0
0.5007757
4.1530027
0.69746345
0.08854666
0.06722355
0.6619461
2.5278103
0.0
0.117988996
0.117555484
0.59028363
0.3915735
0.0
0.23364398
0.13766453
0.7493505
0.0
2.7576032
0.12329719
0.0
0.0
0.25807896
2.325142
1.0078435
0.08029477
0.0
0.0
0.0
0.0
0.0
0.0
15.062508
8.913984
0.0
2.7190104
0.0
0.0
0.0
0.014250862
5.549178
0.0
4.21538
1.8769425
0.11720747
3.6738079
1.9706666
0.43959364
0.0
0.0
0.0
0.0
0.0
0.097695
0.008915885
0.0
0.120988086
0.42402878
0.2444311
0.024654696
0.050148964
1.5009459
0.62064123
5.0972443
0.24099196
2.1925356
0.071911804
0.0
1.5781908
3.238853
0.0
0.40400305
2.5127244
1.6223402
0.0
0.25393003
2.745516
0.0
0.0
1.3286612
0.0
0.0044570966
0.060207117
0.0
1.2004092
0.0
0.0
1.1100961
0.809212
0.0
0.011850401
0.3294502
0.0
0.024100712
1.5258234
0.760417
0.0
3.203172
2.4401872
0.09105876
1.7269466
0.34402615
0.9873354
3.5182407
0.92444146
0.26419732
0.014906104
0.0
0.0
2.4126208
1.3610697
1.0335145
0.0
0.8928287
1.0155356
3.0150266
6.7536516
0.0
0.0
7.8977036
1.0434088
9.021779
0.0
0.08187473
0.0
0.0
0.13070211
0.0
0.0
1.5706863
0.33434546
0.0
0.0
0.031061806
0.13358171
1.0907224
2.9499834
2.7500603
0.0
1.7033906
0.7391452
0.030951913
0.30367395
0.0
0.0
0.0
0.40160725
0.00630115
0.0
0.30560517
0.0
0.50750554
0.5093808
0.0
1.8954931
0.0
0.0
0.0
1.4071426
3.571042
0.0
0.016128166
0.3279633
0.0
0.0
0.27504465
0.0
0.3743861
0.0
0.0
0.17108695
0.0
0.0
3.3167992
0.703523
0.0
0.040714107
0.0
0.0
0.0
4.4159236
1.2168418
7.3056674
0.28224325
0.0
1.2768073
0.9712624
0.0
0.44064903
0.0
0.0
0.48481214
0.963367
0.0
1.0752423
0.0
7.7512407
0.26959106
8.034457
0.33121786
0.05763402
0.0
0.7562399
0.006940404
0.280639
0.07226379
0.0
0.16995792
2.2380064
0.0
0.91097367
1.458204
4.646192
0.0023614606
0.23800133
0.59469414
0.0
0.37553772
1.7903825
0.0
0.0
0.0
0.17495462
0.0
0.68296885
1.1381629
6.877742
6.804362
0.16561353
4.6428046
4.8197684
1.2569424
0.0961711
4.3908553
0.0
0.0
0.0
4.886004
0.0
4.106986
0.0
0.0
0.0
0.2056961
0.0
0.0
0.0
0.0
0.00039341254
3.645245
0.0
0.8621869
0.49649578
0.4239087
0.0
0.049292736
13.778899
0.81567824
0.0
6.6092286
2.1186297
0.0
2.2311144
0.47813454
0.0
0.0
0.15674663
1.5746773
1.6508117
0.0
0.0
4.663493
2.8072557
0.17252275
0.0
0.0
0.90807223
2.245001
0.06170249
3.1207883
0.6257557
0.0
1.2921232
0.17787871
3.8899097
3.982172
0.08802062
0.0
1.4472404
0.0
0.0
0.0
1.5525694
1.5524883
0.0
0.75169635
0.5867874
0.008567714
0.8848332
1.25911
0.25162336
0.7168355
0.06951494
0.0
0.0
3.3839734
0.113595456
5.476796
1.2104917
0.0
0.0
0.13716471
0.0
2.3545723
0.013786452
2.7246714
0.06264051
0.0
0.0
1.2616979
0.0
0.0
0.99494493
0.6291139
1.6951171
3.1497855
0.51260674
0.03228149
1.1765556
0.0
0.75863147
3.0251322
2.5137932
1.1599532
0.8464813
0.0
0.0
0.0
0.0
0.0
0.09454976
0.0
1.6099453
0.0
0.0
0.0
0.0
0.03732594
0.0
0.0
0.0
0.0
1.9216889
0.0
0.0
0.5007124
0.113438934
0.1725256
0.0
0.0
1.1221108
0.056079816
0.0
0.43952036
5.025317
0.28837907
2.6416714
0.63772553
0.02373265
5.8396673
0.0
0.0
0.0
0.0
0.0
0.8115481
0.76327276
0.0
0.0
5.1954546
5.5557146
0.10866048
0.0
1.6410432
0.0
0.003425754
0.0
0.47127408
0.23852779
1.7866751
0.0
0.0
0.322899
0.0
0.0
0.9640527
0.0
0.36000127
0.0
0.7452901
4.6393585
0.290513
2.0197732
1.9648681
11.358572
0.0
1.3347934
4.417664
1.6328157
0.59005374
0.0032336274
1.1718206
0.18487924
0.03472076
0.0
1.1814749
1.2613382
8.816559
0.0
3.1576762
5.8987474
0.73133576
0.0
0.0173375
0.50358987
1.0392275
0.6281062
0.23424894
0.0
1.0243642
0.0
2.145432
0.6735397
0.0
0.0
4.7138505
3.5683806
6.444804
0.0018957804
0.062294748
2.654727
0.017300548
0.6425611
0.026873399
0.0
0.35245565
0.0
0.0
0.0
0.0
0.007846706
0.22569804
0.0
2.380911
0.0
0.0
0.00040252355
1.0103742
1.6781621
0.0
0.34661514
1.2665038
0.0
0.09571924
6.483986
0.050233353
2.6910114
0.06579087
0.0
0.0
3.2041252
0.0
0.05753983
0.5161438
0.034105327
1.7166765
0.0
0.9660028
0.0
0.0
0.0
0.07266751
1.5043942
0.0
5.384232
2.5205593
0.027996562
2.3260756
