0.25346276
0.0
1.9505111
0.35877803
0.0
2.6846333
0.76653767
0.85551393
0.0
0.0
0.46203652
0.0
0.10374873
0.0
0.0
5.2331448
0.009312455
0.0
3.5279386
9.084466
0.0
5.080972
0.0376034
0.0
0.0
0.0
0.28114995
0.0
1.2687894
0.3134262
4.894403
0.0
0.03779375
0.88111246
0.23243167
0.0
0.0
5.698757
0.0
0.0
0.0
0.0
0.0
0.0
0.707193
0.9956359
0.0
6.240811
1.323321
0.12192322
1.2203343
0.6789015
0.0654909
0.0
1.67553
0.0
4.7961144
0.0
0.0
0.0
0.0
0.0
0.57730806
6.646568
0.0
1.5433743
1.1292963
5.1307955
1.735695
1.3318757
0.09866921
4.8687882
0.62397367
0.043984782
0.0
0.0
0.0
0.7157572
0.0
0.16523539
1.8137195
3.2725742
0.0
6.0671544
0.039998274
0.1751627
1.7473755
6.083177
0.61929214
10.26702
0.0
0.00063947757
1.190009
2.8247519
0.8970904
0.22678553
5.386584
3.4829621
0.0
0.52586985
1.762001
0.0
0.0
0.11151931
0.82848006
0.12832832
0.44328818
0.002551254
0.0
0.004301305
1.3542416
0.0012877815
1.0481228
0.42450815
0.0
1.8996232
0.6317434
1.5326824
0.0
0.08919888
0.0002442428
0.4377673
0.0
5.1176987
0.55713546
0.0
5.9240637
0.0024438829
0.0
0.7149383
1.4219301
0.0
0.0
2.163552
5.7511826
1.1578575
1.2804976
4.9658723
0.6549106
0.0
1.3561071
7.404216
0.0
0.0
0.0
0.0
0.0
0.0
0.0
0.6707647
0.030556547
5.0873313
0.022397632
0.0
0.21901709
0.0
0.9445272
0.0
0.0
1.8122908
0.0
5.7284937
0.0
0.0
0.063300684
0.0
0.449324
0.0
0.0
3.641824
7.2490993
0.0
0.0
0.38499612
1.7401581
3.085678
0.006184488
0.0
0.034984052
2.579773
0.018731914
0.0073554562
0.0
2.4850805
0.014528377
0.047130093
4.469889
0.0
3.4383507
0.0
4.6436133
8.99654
0.4681447
0.58621264
6.289431
0.0
0.0
5.1765547
0.22834928
4.0843797
0.0
0.43996027
0.05166082
0.0
0.27698344
0.0
0.0
0.0
0.027702102
0.0
2.2106442
0.2385629
3.5899026e-05
0.5377219
0.0
4.2776637
0.0
0.7339745
0.0
0.66127926
0.99117184
0.06343056
0.6596664
3.8602943
0.20715605
0.0
0.0
3.0625145
0.093303055
0.06185579
1.3333452
0.009467478
0.16787346
0.0
0.1792376
0.0
0.5211863
0.0
0.0
3.7219954
2.472575
0.0
0.0
1.8824799
0.0
0.0
3.1160526
0.0
1.7587422
0.0
0.0
0.1994341
0.06626089
1.0896769
0.09147318
0.022339066
2.0642822
2.2019632
0.1170596
0.0
0.0
0.0
0.0
2.108685
5.6705437
0.022796405
2.3726697
7.631152
6.078375
0.0
0.0
0.4432873
0.0
1.78988
3.0649986
0.03537745
0.4773215
3.5684772
0.062251657
0.83014804
0.6454951
0.7341908
0.0
0.0
0.0
9.304466
0.0
0.0
2.6133327
0.0
1.5234654
0.07914355
0.0
0.0
2.7825437
0.82653666
0.0
0.0
0.0
0.0
0.014642117
1.295778
4.6434474
0.14145142
6.818567
0.45199016
0.0
0.162974
4.662483
0.03925314
0.024917763
0.0
0.0
0.0
1.013658
0.0
0.0
0.2105304
4.930579
0.27498707
4.185266
2.5957294
0.027634805
0.0049513406
0.0016545665
10.12195
0.0
0.09912047
1.3579531
8.993146
0.36948484
2.0249026
0.0
0.0
0.2144575
0.0
0.90564626
0.71950835
0.72646254
0.0
0.0
0.0
3.102045
5.0859036
0.0
0.9773621
0.0
0.0
0.0
1.1833233
1.2439637
0.0
0.0
0.0
0.0
0.029132329
0.0
0.0
0.0
0.0
0.5416401
13.135392
0.4406019
5.4146776
2.005125
0.0
0.0
0.0
0.4343156
4.7475357
0.0
0.10098845
0.0
0.0
1.8998133
1.1196005
4.7316804
6.3976183
0.0
1.7161
0.11092869
0.13006149
0.81541693
0.0
0.0
1.4473753
7.22112
2.1625965
2.778492
0.08471156
0.07343372
1.0078709
0.0
0.0
0.0
4.14069
0.62018996
0.11202724
0.33241084
0.23641516
1.8604374
0.93446404
0.6346118
0.0
0.8166516
0.73978347
0.0
0.5909563
0.0
0.006119728
0.0001456105
0.29796422
4.967156
0.0
2.7815115
0.0
0.0
3.1523123
0.048262626
0.0
0.039727326
0.09141136
0.026194947
0.0
0.29625013
2.822421
0.0
0.052946556
0.00888162
0.0
0.074992426
0.0
0.0
0.4299549
0.29789653
0.039371114
0.25567305
0.0
0.0
1.7434173
0.24047425
0.72296625
13.998939
2.7047253
0.0
4.7131057
0.0
0.0
1.0199976
0.0
0.0
1.2254207
0.44146186
0.43424076
7.8977823
0.31199554
0.0
0.0
0.9174942
0.006768847
0.99515104
0.78331435
1.840782
1.510621
0.08169549
0.0
0.038775835
0.013510164
0.8796732
0.0
0.39390388
0.26857093
0.0
1.0303395
2.307107
0.0
0.08666112
0.0
3.8320935
0.0
0.015461975
0.87245685
0.01102239
0.59573585
1.0289372
2.1739233
0.0
0.0
3.0239398
0.07773425
4.3482285
0.0
0.427648
0.0
0.0
0.0
0.0
0.0
0.0
3.669656
0.0
0.11016696
0.0
0.088907555
0.0
0.0
3.4927971
0.0
0.0
1.1704735
0.45209643
0.06196229
3.6697197
9.349486
2.8417015
4.464355
0.0
0.0017435892
0.5072517
2.3349342
0.0
2.9124072
1.4446542
0.146194
9.819958
0.0
0.3112321
0.7894686
0.0
0.0
0.0
0.0030919192
0.0
1.1119857
0.091708556
0.70531255
0.0
0.041899487
1.6114318
0.0
2.3733635
0.10057567
0.28932467
0.34636396
1.5805085
2.3679345
0.0
0.38455993
0.09551936
0.0
0.011761009
6.3900905
0.015953619
2.3044486
0.016555762
0.7435943
0.0
0.0
4.0404334
0.09463142
0.0060675875
4.6828322
4.269076
0.0
0.010573446
0.0
0.43057287
1.7519858
1.2510327
0.0
0.0
0.0
0.9689001
0.0
0.0
0.0
1.3360637
0.0
0.0
0.06875511
2.0021603
0.0
0.0
0.31431666
0.0
0.0
0.03928733
4.000361
0.033421535
0.4821009
2.3231733
3.17429
0.29068288
0.04004749
1.2555795
0.37544873
0.10255467
2.8291829
1.0240839
0.07899708
0.0
0.7485891
0.0
0.0
0.0
0.0
0.0
0.0
0.0
0.08369087
0.9337287
0.07547706
2.093445
0.0
0.0
0.06783977
0.0
0.0
0.6979691
6.7279577
0.04980453
0.0
0.060226865
0.041686572
0.0
8.1355095
2.8433022
0.0041159806
6.7670207
0.0
0.0
0.0
0.0
0.0
0.0
3.5423014
0.0
0.9479543
7.269006
0.0
12.316084
0.0
0.99486893
0.645461
1.9855363
2.6339316
0.0
0.0
1.178263
0.0018516171
3.81308
0.0
0.022064993
0.0
0.059051286
0.043376703
0.36245966
2.988211
0.0
0.0
2.7317715
0.0
0.0
0.0
0.65896386
0.0
0.0
0.008575269
0.0
0.0
0.0
0.029225959
0.0
0.9856849
0.0
0.4169027
0.0
0.0032444291
0.0
0.0
2.8255088
0.5469446
0.21486576
4.706629
2.2585132
0.0
0.0
2.7749224
0.49948874
0.0
0.01572277
0.0
0.0
0.08283979
0.0
0.0067620035
0.8335609
0.0
1.6307197
0.0
0.0
0.14258276
0.20905407
0.0
1.4220549
2.2811155
0.0
0.03157539
1.1434345
0.0
0.0
0.4656056
0.0
2.672499
0.39037338
1.6888356
0.009472103
0.03944197
0.0
0.01783842
1.8815485
4.8001213
0.0
3.0782473
0.0
3.8328755
0.0055676745
1.0704672
0.0
1.1250807
0.0
0.05662588
0.73228705
2.1957965
0.013139847
0.0
0.0
0.41614252
3.751725
0.0
1.1773571
0.9191847
0.0
0.06636295
0.0
0.46273312
0.65602976
0.0
0.0
1.0221422
0.0
0.0013135015
0.0
1.3243382
4.7277036
0.0
0.08163149
1.2797539
0.0
0.0
2.3744407
0.835041
0.0
0.0
0.0
0.027825676
0.07625945
1.1416363
0.14631699
0.0
0.47428623
0.0
0.003019895
5.944385
0.0069918633
0.19739246
0.0
3.8932707
0.014183945
0.9630538
2.7310276
0.14133197
0.961293
0.6368001
0.0
4.1622076
0.0
0.27657798
0.2419983
2.777132
0.48757362
0.0
0.8443929
0.0
0.6745386
1.1127386
0.8154787
0.0
5.0370975
0.66450197
0.026057925
5.0413337
0.0416227
3.460081
0.0049541704
0.0
0.98850816
0.08462734
0.0
0.0
0.0
4.502506
0.19183865
0.0
0.02547664
0.0
0.0
0.1712374
0.011358889
2.5971227
0.1448262
0.63942194
1.5757679
1.3444673
1.9432195
0.0
0.09516237
0.0
0.88326406
0.67513907
0.110287055
0.2064745
0.0
0.13687438
4.431865
4.5901513
7.4302177
0.42403358
1.3458171
0.17816882
4.3706384
0.0
2.629007
0.66830313
3.310652
1.598606
0.0
0.71122026
0.047377184
0.0
1.7181057
0.0
0.0
0.018777773
3.6188478
0.030060245
0.6987963
0.0
0.0
0.0
0.067340426
1.9542446
0.06096624
1.3045077
0.041974783
0.0
0.0
4.7190576
0.0
3.3553722
0.85859734
1.1628594
0.3135738
0.021278022
4.9576974
0.0
0.5461215
3.5459812
2.881126
1.5637971
0.0
7.6181235
0.0
0.0
0.10453765
0.0
0.0
0.007830318
2.188497
0.12409048
1.1175025
0.0
0.0
2.7846842
0.0
0.05623253
0.21274641
0.0
0.0
0.0
0.38298947
0.0
0.0
3.5419152
0.0
1.3789059
0.0
0.5905504
0.47488785
0.034602713
0.0
0.42977446
0.0
0.2245295
1.4448426
0.70929563
0.0
0.0
0.4030688
0.026073588
0.0
0.49304736
0.0
0.0
1.8715068
2.6973755
1.004943
0.0045575122
0.0
1.3134338
0.0
0.0
7.12508
0.051322058
0.31017935
0.0
1.7362225
0.0
0.20555986
0.0
5.546782
0.0
0.093140505
0.015812967
0.0
5.4675274
0.0
0.0
0.0
0.0
3.4790537
2.0167863
0.0
0.2747014
0.14420712
0.0
0.4872658
0.0
0.14402339
1.7947667
1.6989685
0.0
0.95213616
0.0
0.0
0.01655851
0.0
13.326441
0.0
0.0
0.049902882
2.935606
0.025584592
0.0
3.8569376
0.0
0.0
0.11865238
1.3604822
3.6987264
0.0
12.563759
0.0
0.1482549
0.0
0.012643528
0.30478436
0.0
1.6669201
0.0
0.0
0.0
0.25463143
0.1065369
1.2971714
1.6703793
0.0
0.0
0.0
0.0
2.6025097
0.32221624
3.597471
0.0
5.9854784
0.26453933
0.14255653
4.344079
1.526441
0.0
0.0
0.17672506
4.030757
0.0
0.0
0.0
2.7495809
0.0
0.0
0.0
0.01992427
4.006824
0.0
0.0
0.0
2.7848234
0.0
0.0
0.60378873
0.0
0.17829128
0.0
2.3544922
1.5597937
0.19322407
1.8900969
0.0
8.353818
0.70889634
0.0
0.11503312
0.68203104
0.12969336
0.0
0.0
0.27407858
0.18883349
0.0
0.00296175
0.6039272
5.164836
0.0
2.8187122
10.064292
1.0289369
0.0
0.0
0.0
0.8369902
0.02746742
0.03831075
0.0
0.0
1.8602971
1.4719204
0.00036218215
0.24254176
0.0
0.0
0.6013051
0.0
0.40659103
0.0
0.6229292
1.3648454
0.11972657
0.01787629
0.07251863
0.5439407
0.0
4.0149236
4.1872687
1.9626217
2.7876048
1.6525705
0.099483624
0.0013434644
1.6131622
0.0
0.0
0.0
0.0
0.0
2.9740527
3.1880145
0.02301306
0.01581327
4.869865
1.1094463
0.055414088
0.43867368
0.0
3.6497831
2.5846071
1.4448115
3.7911572
0.6624502
0.0
0.0
0.0
3.5764275
3.5036712
2.9045458
0.0
0.007224555
0.0
0.96215516
0.46350875
3.9547393
0.07920207
0.0
0.0
4.7292585
4.4804363
0.0
10.329974
0.7173566
0.0
3.366104
0.0
0.8371025
0.0
2.8069
5.547229
0.0
0.0
0.010197153
0.0
0.013912752
0.0
2.2549047
0.0
0.0
0.6312128
0.9657872
0.0
2.221408
1.2687541
3.381432
0.0
9.006415
0.0
0.19383131
0.18708421
0.15506597
0.0
1.1291416
1.0745614
4.704085
0.28480625
0.07863245
0.0
0.0
0.0
0.0
0.26945546
0.0
4.2354417
0.4050565
0.0
4.90911
0.0
1.4497637
0.086475536
3.9638333
2.9243104
0.007587958
0.0
0.015507852
2.5800412
0.1715121
0.25985822
0.51631856
4.6867003
2.3863654
1.7586273
0.0
0.0
1.3589532
0.20755932
1.7927179
0.15228856
0.22381495
0.023432022
4.4198885
11.821042
0.0
0.0
0.9488596
3.6752279
0.9013326
0.0
0.0
0.0
0.0
0.0
0.0
0.28934574
1.481873
6.035487
0.0
0.0
0.0
0.18643907
0.0
0.0
0.0
0.38595292
0.12834677
0.0
3.1955361
0.0
0.007184936
0.039624147
6.8760967
0.0
0.092019744
0.0
0.0
4.3204827
0.0
0.0
0.2001248
0.0
5.6069107
0.66484046
2.2525022
0.017981373
2.9463267
0.0
0.33709344
7.0899615
0.0
1.1296076
0.43849438
0.45153594
0.0
1.1049998
0.0
0.6873243
0.0
4.330914
0.193626
1.1050928
0.0
2.387071
3.0258446
0.0
0.0
8.900187
0.83533126
0.0
0.0
1.4789327
0.8357834
1.5610038
1.841888
0.0
0.0
0.04745531
0.0
0.105102316
0.0060699596
0.0
1.2563667
0.5161189
0.31932384
0.0
0.0
0.9498817
5.42004
0.3312574
0.113295615
0.0
1.8833498
1.766807
0.0
0.0
0.8654226
0.0004824473
1.8757222
0.32425025
0.0
0.03884335
1.8133489
1.782895
0.012194225
2.2901318
0.7589752
0.0
0.0
0.0
0.16593279
0.0
0.0
0.7129571
0.0
0.0
0.4632095
0.0
4.40579
0.073321454
0.57160187
1.9257696
0.0
0.0
1.2262602
0.008970134
0.004577233
0.0
0.0
0.023072133
2.1650913
0.5084553
1.8421631
0.44666186
0.16296618
0.0
0.7731797
0.87768894
0.35818747
0.033495016
0.05140732
0.2694132
0.045190174
0.008479046
0.0
4.2009635
0.0
0.27155873
0.0
0.12679085
1.7979507
0.102692924
1.3784771
0.0
0.30954185
3.3855925
1.3531346
7.8149395
0.05158658
0.0
0.030142307
0.0
0.0
0.0
2.913908
0.5211093
0.11517309
0.0
2.0840213
2.1194859
1.0416152
0.0
0.0
2.074866
2.950861
0.0
0.0
0.0
2.6383555
0.43328023
6.5630245
0.53149587
0.03923825
0.0
0.19375104
0.31556445
0.0
0.0
0.15477462
1.7851272
0.0
0.0
0.0
0.004769082
0.0068550305
3.0776079
0.0
0.0
0.0
5.021606
0.09083019
0.0
0.089911945
1.9299769
3.4972155
1.1769664
7.3619795
0.071587704
0.011040663
2.4866054
0.0
10.846776
2.9346526
0.51116174
4.702965
3.0424492
1.0145042
3.3953962
0.0
9.945247
0.0
0.0
0.5068879
0.0
0.0
0.0
0.3595077
0.8073676
0.24103896
0.0
0.0
0.2106578
12.130136
2.8850346
0.017013807
0.05848118
2.971867
2.4402003
0.07355649
5.5451174
4.67951
0.0
5.2769823
0.0
0.0071807588
7.3973103
0.0
0.35393494
4.2608953
0.0
0.042754095
2.6779754
0.42058396
0.0
2.5624676
0.0
0.24538499
0.66540223
0.10318287
0.0
0.07884476
0.0
0.47204068
0.0
0.09917828
0.21469726
0.2643929
0.0
0.0
2.430498
0.0
1.1589079
0.24572524
0.028431162
0.006202075
0.0
2.802533
1.4880446
0.0
2.1254244
0.0
1.5201018
0.8742299
0.14245766
0.2654224
0.21919854
0.0
3.8362195
0.4176308
0.0
6.692769
0.16969354
0.15492618
1.4358144
5.3491025
0.0
2.4348888
0.0
0.34384933
0.0
0.44051942
0.0
0.5524062
0.0
0.056231987
0.049583405
1.0597998
0.0
0.2422566
0.41802493
2.6084385
2.785493
0.020395989
0.0
0.43975294
0.0
0.0
0.05924788
1.891832
0.0
0.17888457
1.1171236
0.6509615
0.0
0.0
0.00816282
4.3756685
0.0
0.08579375
2.9612465
0.41219416
1.9206921
5.1050982
0.2765107
0.0
0.0
0.0
0.33189735
0.0
0.0
0.27621165
5.594163
0.0
0.123051465
0.0
4.7342296
3.6742887
0.0
0.2705968
0.0
0.012883108
0.0
0.32538056
0.0
0.0
0.8736303
3.6381965
3.057611
0.0
0.26835814
0.0
0.2986795
0.37376598
0.0
0.0
2.2758691
0.32005858
0.0
2.4875023
0.0
5.3546796
5.843074
0.017177034
0.5563437
0.0
5.8014073
3.3009543
1.4423764
0.5581008
0.0
3.2997918
0.0
0.34612203
2.348014
0.4944912
0.0
4.1708164
0.0
0.0
0.0
1.0311064
0.0
0.0
3.447762
0.0
0.044437297
0.0
2.435338
0.099643745
7.9757624
4.916707
5.5269437
0.0
2.9368253
0.0
0.39962858
2.7820466
16.091045
3.4068224
1.2099736
0.0
0.0033791186
0.0
5.6031103
2.0922925
0.41650292
0.43109623
0.0
0.69971794
1.5347055
0.0
0.0019186662
0.3533731
0.18479562
0.008777643
0.0
0.0
0.4489891
5.637831
0.0
0.0
3.3301027
0.0
1.557201
0.0
0.0
0.036782313
4.6812325
0.1437147
1.9741255
0.0
0.0
5.7215834
0.06694244
6.8712926
0.033778027
0.0
0.0
2.400074
0.42069575
5.65373
3.7573001
0.0
0.0
3.2617493
0.0
0.0
0.03411018
1.3643097
0.0
0.0
0.68458354
0.30707145
0.0061464356
3.5585392
2.221399
6.861251
0.0
0.0
0.0
0.4384911
0.0
0.0
0.580421
0.0
0.0
4.8193107
0.20945637
0.09019488
1.5742617
0.0
0.28118765
7.441671
0.0
0.0
0.0
0.0
0.5071145
0.0
0.04544441
0.21939632
2.635457
3.5157096
0.0
4.320437
0.0
3.0983584
3.8457747
0.0
0.0
0.07006324
0.96445155
0.0
0.5145679
0.0
4.4565606
0.26106876
0.0
0.0
4.518197
0.0
0.007436835
1.1686364
0.0
0.0
0.0
0.0
0.0
2.6887858
0.12263958
3.8547707
2.235493
0.37262633
1.276339
1.5250465
0.0
0.5667004
3.004975
0.0
0.009752585
0.0
0.8549286
0.0
0.0
0.0
1.4011979
0.0
1.8660425
0.0028336681
3.1282866
0.023825144
0.10348219
0.77838385
0.0
0.1872679
0.0012172242
2.9508395
0.35178438
1.8212017
0.0
0.12038472
0.18296535
0.0
0.0
0.0
1.6413692
0.0
0.0036601338
0.07119027
0.14443067
0.0
0.496125
6.9863305
0.0
0.7113143
0.0
0.0
4.6867757
0.38483414
0.018446468
3.8453796
0.0005302186
0.6798629
0.20261213
1.1226513
2.8480072
0.838922
0.0
5.937201
0.64982575
2.6490812
0.0
1.7113607
0.17253537
0.0
1.1243577
0.0
0.0
1.1108283
0.07978005
0.17301977
0.0
0.3281891
0.0054148897
0.45922658
0.24692094
1.9503311
1.7180332
6.5691023
0.009881112
0.010454781
0.55453044
6.184646
0.0
0.0
0.0
0.0
0.0
1.5932668
0.0
3.2818775
0.5089529
0.0
5.5658913
0.011939326
0.086832084
6.250086
0.0
0.0
0.496706
0.030129384
0.0
5.0610013
6.573687
1.4800003
0.35653958
0.0
0.6373086
0.0
1.508438
0.0
0.37341237
0.0
0.0
0.2427577
1.8801478
0.009092173
0.3534347
1.186397
0.0
0.0
0.0
0.0
0.00608488
0.042230763
3.809256
0.8332697
0.0
4.737343
0.03297409
0.0
0.0
0.0
0.21133652
5.2297683
0.10679264
0.0
0.052078977
0.090055846
0.56000596
4.359984
4.0239964
0.0
2.4322486
0.0
0.72487116
0.83698404
0.0
5.7001343
0.04590131
0.02206797
0.0
0.53284675
0.0
0.0
8.072385
5.6709175
0.7172828
2.103412
0.0
0.0
2.194581
0.5953321
0.14527778
0.0
0.0
0.0
2.6457105
1.3016369
0.0
0.010469179
4.2093573
0.0
0.0
0.0
0.023972472
5.6995173
0.9113826
0.0
0.0
0.9872014
0.19276911
0.06388791
0.037153944
0.0
4.2834888
0.0
0.1183336
1.488727
0.0
0.011955317
1.0631744
0.0
0.0
4.0096345
0.0
2.2911558
0.1988947
7.413317
0.55320024
0.0
0.0
0.41574642
0.46086365
0.0
0.0
3.1103914
0.08045431
0.0
0.09164592
0.0
0.0
2.8893604
0.8224129
0.0
0.38768524
5.9758153
0.0
0.0
0.13336378
0.0
0.0
0.088006616
0.119915
0.0
0.3876425
2.2276084
0.0
0.0
0.0
0.0
1.5492371
0.0
1.4138389
0.0
0.69953275
0.0
2.4258928
2.5304306
0.5308896
0.0
0.0944651
0.0
6.954334
0.015355239
0.104897946
0.0
2.735105
1.3000493
0.46362913
0.0
0.0
0.0
0.0
0.3374077
0.0
0.0
0.0
0.0
0.8736193
7.0939064
0.7817326
4.3053184
0.4908873
4.0340796
0.0
5.711334
0.6654388
1.0586979
0.4245391
0.0
0.0
0.63440114
0.0
3.4036906
1.922207
0.0
1.8093654
0.0
0.0
0.0
1.1306167
0.8620507
3.711111
0.0
0.010392719
0.4468871
0.72927904
2.2206554
0.7319875
0.13080135
0.009597063
2.3616827
0.0
1.0604451
0.0
0.0
0.07563714
0.0
0.0
1.4352891
2.9620862
0.0
0.0
0.3840261
0.0
0.1589765
1.3092978
1.4142913
0.6129464
0.0
0.008140457
2.1636834
0.0603874
0.0
0.0
0.0
0.0
0.0
0.0
0.0
0.19496077
0.0
0.52613837
0.0
3.6005676
0.0048041735
0.4922624
0.0
1.1953737
0.40096056
0.018029865
0.5876873
2.502983
1.1058252
0.16530073
