3.2025943
0.0
0.049004067
5.5873094
0.0
0.08073581
0.73643947
0.036254916
0.005770895
0.0
0.3018948
0.029827278
6.596784
0.5645103
0.0
4.587295
2.0745964
0.102942064
1.818164
0.14131653
0.31862932
3.8155475
3.4865832
0.1415921
1.422385
2.181065
1.1738908
0.01992386
0.009270069
0.13159782
2.4567547
4.131448
0.0
0.38455784
6.093331
0.3983061
3.0691283
0.5133748
0.0
0.0
0.0
0.0
0.53517187
0.0
0.0
1.0772406
0.008921175
0.0
0.0
5.8748946
0.18687007
0.0
6.2140155
0.030360222
0.0
0.0
2.3381011
0.11384871
1.103391
0.3416525
0.0007987606
0.0824092
6.874229
1.7734219
0.8193916
0.43422318
0.23337916
4.5869694
1.2105377
1.0667578
0.0
6.411796
1.9048539
0.0
0.0
0.0
0.5010948
0.0
0.50792843
0.0
0.22755724
0.0
5.146332
0.0
0.0
0.068215184
0.0
0.0
4.9409084
2.689514
0.0
3.5342405
0.26212904
0.0
0.0
0.0060500614
0.054715093
0.0
0.39601415
6.8599043
0.029981162
0.0
1.0666412
0.04980709
3.849654
0.27967218
0.095601685
0.033504963
0.30178702
4.3296723
0.024991356
0.011330235
5.8052883
6.2746506
0.0
0.89218986
0.79869175
0.0
0.10943537
0.30389866
2.5287151
7.499557
0.0
0.0
0.0
0.0
10.770423
0.0
3.2878897
0.0
0.8756748
0.834611
0.0
0.48429093
0.7115938
3.8905768
0.28954327
0.0
0.07934247
0.029750988
5.3847337
0.19126575
0.47439906
2.9417076
1.2745793
1.4172953
0.0
0.0
1.1824882
0.14930828
0.021300862
1.5977113
0.003588735
0.0
0.2510451
1.387672
0.0
2.677492
1.5493042
2.429702
3.553907
0.05553695
0.0
0.0
1.3755952
0.0
0.0
0.0
0.0
0.39608353
0.0
4.480496
1.0945475
2.1327736
0.0
1.3083531
0.060396906
0.0
0.0
3.2001565
0.5561104
0.0
1.7394533
2.6074212
0.0
0.0
3.1896617
0.024102483
0.005277349
1.2636163
0.62890494
3.1354556
0.17003252
3.6162872
0.7925636
0.0
0.0
0.0
0.028543394
1.0489104
0.0
7.656735
0.507252
0.0
0.2217088
2.3083081
1.7102785
0.0
0.0
5.6375837
0.0
0.0
12.213552
0.033511363
0.0
1.5279845
2.294683
0.043639384
5.573395
0.0
0.0
0.0
0.0
2.8235126
1.5100417
6.0448046
0.0
0.06877758
0.0
0.0
3.0205991
0.0
0.028763212
11.918454
0.0
2.075227
0.22977202
12.0636835
0.02439482
2.2532568
0.11068054
0.0
0.0
1.5540847
0.3301249
0.0
1.2342412
1.0988324
7.4378214
0.0
0.8614487
1.0519322
0.0
0.0
0.0
0.0
0.14286435
0.0
6.2005887
2.5255497
2.5043023
0.45908612
0.010776245
0.019888652
0.9114622
0.0
0.0025056722
0.107765995
0.22417407
0.0005912343
1.649396
0.0
0.033864964
0.62989265
0.31111956
0.0
0.65593386
5.035691
0.05368015
0.0
1.7671216
0.0
0.007835821
0.0
0.0
7.7462144
10.206636
0.2580051
0.0
1.8779155
0.004486434
0.0
0.0
0.0
0.0
3.8579607
1.1658566
0.019303974
0.1940658
0.16235594
0.0
0.0085711675
0.0
3.7898226
0.74910575
0.025111223
4.1303844
0.16100253
0.0
1.1830705
11.027756
0.40006086
0.03763761
0.0
4.824088
0.0
0.0
0.0049038907
2.0006309
3.8419752
0.2917635
0.0
1.0360681
1.193002
0.0
0.284898
6.2176933
0.0
4.672503
0.0
0.0
0.0
0.076660454
0.61486906
0.63453054
0.055157274
8.712116
0.7451591
0.0
0.0
0.009482296
0.111963026
0.0
2.3342476
0.0
0.21709086
0.0
0.0
0.005503207
3.0655465
1.0594704
0.068592206
2.9926968
4.0894713
2.5433893
3.7315788
0.0
1.6139021
0.11197246
0.0
2.0194588
0.18773995
0.0
1.960901
0.13440159
1.7455156
0.0
0.1411207
0.9174878
0.0
0.4706333
0.0
1.3016325
1.6622162
0.0011994303
0.0
0.0
1.1390705
0.76686585
2.1806078
0.0
0.6179928
2.1710997
0.0
0.0
8.960558
2.6141133
2.318137
1.2601539
1.8488692
0.0
0.48909158
0.0154850045
0.108171366
0.0
3.52107
0.0
6.140315
0.0
0.21806318
0.5070229
3.5874786
3.814911
4.244202
0.0
1.9284036
0.0
6.889239
0.056716256
0.0
0.0
1.8299358
0.0
0.0
0.4081462
0.6800246
8.732026
0.47095132
1.1456227
0.052723106
0.0
0.3110477
0.0
0.0
0.006388942
0.11579794
0.0
0.0
7.8509192
13.45679
3.3015683
0.0
0.0
0.09761391
0.50359046
0.0034219464
0.23043507
0.0032099558
0.0
0.11045541
2.3011415
0.35009205
5.832995
0.0
0.8495803
0.0
0.014041499
0.0
0.6555893
0.077550724
0.035633046
1.4080474
0.06508297
0.12648612
0.12235855
3.4403496
2.5346017
3.1556263
6.6635637
0.0
1.0032921
5.480339
1.2138824
0.023394696
0.0
0.0
0.22693692
5.4837174
0.0
6.1979456
0.7158587
0.030280596
0.14107527
0.0
0.0063369568
0.0
0.04474948
0.66563153
0.0
2.324875
0.22707763
5.85969
0.0
0.09020336
0.0
0.0
7.588436
5.819918
0.0
3.1768148
3.7329552
0.0
1.2537341
0.109816104
0.06807196
0.00050356926
0.0
1.8037313
1.789922
1.7760628
0.045011293
0.0
0.0
1.6351094
0.0
0.37979695
3.19475
0.2153111
0.0
2.2054877
3.692632
2.0974114
0.3992006
1.1007788
0.84947145
0.0
0.0
0.0
1.7469378
0.0
0.0
0.0
2.9455106
1.6750214
0.0
0.1766536
0.6733294
0.0
1.7101684
0.0
2.5326636
0.8694053
0.34851605
0.0
0.0
0.0
0.66637933
0.2332325
0.85302705
3.6860335
0.0
0.0
0.509623
0.26978984
0.7352091
1.194187
0.0017433069
2.2507281
2.5073752
0.49702123
1.3846873
0.0
0.0
1.2055476
0.0
0.0044064885
0.0
0.0
9.575648
0.5473981
0.6163383
0.76615304
0.89759856
0.14006728
1.1191703
0.8817452
0.11842557
0.0
0.10178661
0.0
0.0
0.0
0.12172327
5.6271625
0.0
0.7731244
1.8009099
0.0
0.017497024
0.0
0.0
0.23204513
0.0
0.04259236
2.6294882
7.784497
0.0
2.0033329
0.0
2.1914845
0.018992813
1.1748474
0.0
1.2566489
0.029415753
0.005189944
1.6460098
0.0
0.0
0.0
0.5608695
3.3321245
0.08377113
0.0
0.011875557
0.054271057
2.3266382
0.0
0.0
0.669369
0.0
0.15058506
1.0939126
0.27144626
5.9491215
0.0
0.19964331
4.355674
0.0
2.3225605
0.007752549
2.2028205
2.8975077
0.0
6.3674483
1.3118932
0.31966066
1.2769837
1.394039
0.0
10.8095
0.19403087
0.0
0.0
12.161743
0.0
0.081661806
0.6306115
0.0
0.055404104
0.0
4.3605375
3.2783418
0.46176606
0.016795913
2.6093662
0.001088657
3.351065
0.0
3.4719303
0.0039353417
0.0
6.190487
2.4958725
0.14360121
0.28085303
0.0
0.8451251
0.0
6.739698
1.9641547
0.9771367
2.0467048
0.14149809
0.0
0.64564043
0.0385908
4.5740423
0.0
0.021156827
0.0
0.0
0.0
0.0
0.0
0.09919581
0.0
0.077529855
0.0
0.0
0.6415794
0.086232536
0.13602872
2.5257819
3.567077
0.0
0.0
0.0
0.4688657
0.053165358
0.28991798
0.0
0.2104819
0.0
0.11350826
0.0
0.017379878
0.3046516
0.0
0.0
1.7764359
0.46937063
1.7468041
0.0028853198
0.0
11.571954
0.0
1.2679687
0.11100228
0.0
0.13540165
0.108824596
0.62970674
0.0
1.3246515
2.8252003
2.8181734
6.6910033
0.55983484
1.1388197
2.627948
2.3041546
0.072699554
0.5534358
0.0
0.0
0.68173224
0.112058796
0.0
0.0746137
0.0
0.7938159
1.2975208
0.22352506
0.18298215
0.0
2.8289673
0.0
4.0797043
0.0
0.622726
0.0
0.6027738
0.0
2.6719053
0.827991
0.55343586
0.0
0.0
0.0016542065
0.2758768
2.8313608
0.0
2.5680919
0.9413608
0.0
0.42055652
0.54369
1.5184141
0.3219125
0.96649706
1.1142383
0.053808
0.017937057
0.0
8.959354
0.06866605
4.456241
0.54440475
10.528251
2.3815544
0.0
0.04456697
1.5759441
0.0
0.0
3.0668771
2.7238417
0.0
4.992432
1.6295857
0.44386002
0.0
9.427961
2.1320548
2.9298952
0.49645108
0.033802435
0.23709965
1.9836786
3.7230172
0.24175191
1.9869702
4.7497516
0.0
0.3813994
3.06892
0.0
0.0
2.8329327
0.012276331
0.8448565
1.1486791
0.0
8.397877
0.0
0.0
0.050561965
0.0
0.36418322
0.20040861
0.095703445
1.4696728
6.0945163
0.3990617
0.014685544
0.015750453
0.026801692
0.0
0.0
0.0
0.29815003
0.008204412
0.0
0.0
0.0
0.06321442
0.0
0.4192266
6.3369365
2.8530145
0.0
0.0
1.1971413
0.0
2.4063811
0.32968646
0.12629975
0.0
0.0
3.1553884
0.13464716
0.0
0.66629326
5.3039293
0.0
0.0
8.914369
0.64190984
0.0
0.009182818
0.0
0.0
6.6407375
0.0
0.0
0.08893754
0.0
2.6806812
3.5598066
0.62219995
1.9585377
1.5813981
0.0
0.0
2.5511136
0.8237226
0.35359532
0.0
0.11641725
4.631867
0.0
0.93320507
6.372357
0.0
0.9855224
0.009310206
0.0
9.285102
0.19237265
0.0
0.5807531
0.0
0.0
4.846514
4.1728687
0.0
0.0
0.12204783
0.0
5.4303637
0.090269595
1.9836806
0.2907393
0.0005034938
0.52444035
0.17469159
0.0
0.13303724
0.01774318
0.0
0.009450944
0.0
0.0
0.0
0.0062010265
0.0
0.2462958
1.556865
0.0
0.19401875
0.35190633
0.013177799
0.8263583
1.436735
0.08970006
0.0
1.4218776
1.7355952
0.0
2.6372201
6.2788005
1.6911135
0.0
0.12887903
0.82449627
0.0
0.0
0.0
0.1566593
0.0
0.17054209
1.0999345
0.0
0.002023979
0.56034803
0.0
0.0
0.8012962
0.0
0.24401622
0.0
0.11299725
6.569446
0.0
8.246827
2.5019147
0.7175377
2.381586
0.003959493
0.0
2.1998842
0.0
0.10668566
0.0
0.0
0.023541704
0.0
0.0
0.0
0.0
4.0947366
0.33537778
12.03169
3.412318
0.012624211
0.16153662
8.006522
0.45015284
0.0
0.9756947
0.763187
0.4003267
0.82078075
0.0
0.0
0.3403983
4.2139144
3.8037386
0.029524555
7.900246
0.0
0.0
0.0
1.2227439
6.116374
0.15051267
0.0
0.0
0.0
2.5043943
0.0
1.6110458
1.8753419
11.200264
1.3406742
4.6837196
0.0
0.00812266
0.0
1.4593374
0.30142775
0.0
0.061582077
0.0
0.0
0.97963053
5.456323
0.0
0.06853244
0.0
0.0
0.0
0.0
0.0
0.3298761
0.0
0.0
4.2974186
4.7500873
1.1054542
2.1223292
0.00040116115
0.0
6.327518
0.0
3.0537448
3.7106276
0.033293124
1.4577984
0.5124941
0.0
0.3319851
0.14469536
0.7779784
2.6278644
1.4842734
0.0
0.023478113
0.019958943
0.49613702
0.2796755
0.2458901
9.616971
0.0
0.010856852
0.0
0.44817674
10.051311
0.042326864
0.20640509
0.0
0.6757948
0.616842
0.23139307
3.6975167
1.3144476
0.0
0.07915576
0.0050367992
0.0
1.4395242
0.022280358
0.14123248
0.7941755
0.01367873
0.0
0.6225234
5.596275
0.27188408
0.20792118
0.16317049
4.1617155
1.0579942
10.961536
0.26619273
0.07948653
0.20302857
0.0
0.38136765
0.27890584
0.91096354
1.9573002
0.0
0.0
0.0490234
4.924616
0.16740498
0.27211237
0.0045861714
14.5009165
0.0
0.0
4.649314
0.0
0.0149923805
4.3992906
2.701764
0.0
0.0
0.8969745
0.0
1.0800092
0.0058112
0.0
0.21906629
0.16044672
0.4525499
2.0994406
0.0033870437
0.062757716
0.6582626
4.364178
0.0
0.0
0.0
0.0
0.006045091
0.0
11.096749
4.6607904
3.2768068
0.21008246
0.0
0.0
3.0964954
0.022258583
8.464906
0.4122524
5.8397956e-05
0.0
0.44040963
9.543593
5.524593
0.0
0.13692409
0.8115707
0.0
0.0
0.0
1.5738639
0.0
7.5491004
0.0
0.78748983
0.35209605
3.1177092
0.0
0.13697499
0.16236068
0.0
0.0
0.0
0.04171888
7.202501
0.18422835
5.4204774
0.0
0.19845974
0.039914798
1.2950093
4.2357755
0.0
0.013337354
3.7350318
0.99501395
1.271821
0.118877545
12.265358
0.0
0.0
0.0
1.5953844
0.0
2.6673317
1.0978304
1.4115943
0.0
0.0
0.0
0.20510869
0.466376
0.16879833
0.0100356825
0.0
1.3370118
0.0
0.0
0.04177443
3.9207947
2.6362703
0.002232756
0.019800438
0.0
4.354931
0.0
0.0017319625
0.0
0.0008866106
0.0
0.005390454
0.0
0.0
0.0
0.26585773
0.0
0.02056172
3.5486631
0.13130921
6.895065
0.0
2.2002368
0.0
2.755037
0.0
0.041668855
2.017241
0.1658242
0.0
0.0671801
0.025240932
0.10341911
0.011904187
0.058444377
0.0
0.0
0.38053542
0.0
0.08202399
0.0
0.0
0.08999189
0.0
0.0
0.0
1.1650722
0.0
0.0
1.8708271
0.06252978
0.6599719
0.82149523
0.031844743
0.551904
0.0
0.6508565
0.68400455
6.012339
0.0
0.4413945
0.0
0.08344791
0.26466325
1.1580632
1.9545873
0.21694675
4.6648273
0.17104134
0.0
1.4046097
0.0
0.0
2.2190208
2.4322371
1.0368252
5.562063
2.4110966
1.2523749
0.025415841
0.0
0.0
2.0092907
0.0
0.0
2.7186222
0.03197511
0.4812333
0.0
0.0
1.6778934
1.5030007
0.19874841
0.0
0.0
0.98042375
4.1687384
0.44515932
1.6384835
0.16942306
3.8201346
0.0
0.0
3.957271
1.8854803
0.0
0.0
0.70693105
0.0030151168
8.89187
0.0
1.8940618
0.05953892
0.65097094
1.0635972
0.0042526987
0.3703733
0.0012005251
0.15234417
4.528917
2.4853446
0.0
0.0
0.06428158
0.0
0.0
0.7469179
0.6206461
0.0
2.4844627
0.870532
3.6658957
0.0
0.37800297
3.536278
0.4585729
6.2312317
0.4192352
0.025083732
0.48561016
0.0
0.0
0.0
1.4795623
0.0
0.0
0.8868258
0.0
0.70440555
0.0
4.0422583
0.17638946
0.079267904
1.527811
2.1506486
2.3326485
0.0
0.1018284
2.4228194
0.5125649
3.7433238
8.098547
0.0
4.636538
0.0
0.0
0.3297916
3.2071185
0.0
1.4456854
0.0
0.0
0.0
0.18886778
3.3612895
0.0
0.07854777
2.0798864
0.0
0.4018433
0.0
0.38178173
0.124017164
1.0920537
0.0
0.9472451
0.0
2.8830395
4.1530952
0.0
0.6734876
0.0
0.0
0.091483995
0.13311589
0.21598624
0.3005211
0.0
0.5653129
0.0
0.1779489
1.5860188
0.0
0.55085725
0.5202018
1.3423555
0.67426175
0.022179507
0.0
0.0
3.9671154
0.0
0.0
6.6211305
0.0
0.0
1.5656596
3.6487439
0.8784527
0.0
3.0781684
0.24471834
0.75016165
0.0
0.0
0.0
0.19457163
0.13304284
0.0
0.13539624
0.14044671
0.0
0.0
0.0
0.0
0.0
0.0
0.26415563
0.0
0.44559783
0.4452665
0.016716298
10.12708
0.0
0.0
0.30963406
0.8065232
0.6484195
0.0
0.0
0.0021765232
0.0
4.057055
3.9504802
0.07665803
0.0
0.016909493
0.0
8.919183
0.65148205
2.848217
0.19846903
0.33680573
0.3284876
0.0
0.0
1.0108137
0.0
0.0
0.0
0.025404535
0.5027733
0.0
0.7950247
0.0
2.9807258
0.094714865
0.14158982
0.09255955
4.046378
0.0
1.2849274
0.0
0.11030781
0.0
0.0
0.035263017
0.0
5.180636
1.1216257
0.7374283
0.0
10.8913765
1.54812
2.6778378
0.020888178
0.0
3.1097105
0.0
0.0014835085
0.39200172
0.30686262
2.2341857
2.2983787
0.35129943
0.0
0.0
13.503736
0.3888507
0.0
0.00012618426
1.6621664
0.14539309
0.003992363
7.005235
0.0
2.6563213
0.0
0.0
0.2688655
3.1159
5.272132
2.3406096
0.0
1.4128239
1.1295748
10.971005
0.0
0.010918602
0.0
0.1511197
5.238841
8.305844
1.8638984
4.3902445
0.0
1.759502
0.0
0.92782056
7.8742404
0.4642915
0.0043121283
1.4732172
0.06131145
0.29542828
9.201094
0.0
0.029891334
3.0289803
0.019638667
0.0
0.0
0.111061275
12.108395
3.4602323
0.0
0.15847021
0.40304485
0.5115212
0.0
0.0
0.0
0.0378779
0.0
0.53155637
0.0
0.0
0.61182445
0.0
0.0
0.0
1.1611582
0.044101313
5.6853657
0.10443815
0.46625364
0.0
0.73720294
0.0
0.003403114
0.54037005
0.3670614
1.8460678
0.0
0.5479663
0.09634043
1.1162032
0.28879327
1.8669809
12.316116
0.01317615
0.0
0.021370128
0.009676352
0.0
0.63946784
0.0
2.9430115
3.8121514
4.942097
0.21808288
0.5288592
0.0046215104
3.6027982
1.2884305
0.7213351
2.5648391
0.0
0.91387254
8.008228
0.41034153
0.11378816
0.0
1.2073748
0.6095993
5.4861903
0.0
1.4580753
0.012262242
1.5970173
4.7259374
0.0
3.964915
0.0
0.963255
0.0
0.10829613
3.1905031
0.18025981
0.056082875
0.004831324
1.8230811
1.3413522
0.0
0.0
1.9269657
5.5445976
0.0
2.4924035
0.26022723
0.0
0.49796775
0.0
0.0
0.48450714
0.059810102
0.0
0.116745956
0.25008416
0.0
0.0
0.0
6.981716
0.36568743
4.4455276
0.0
0.0
0.15685719
0.007995509
0.4596172
0.0006398765
3.7967894
1.7952633
3.3003788
0.044070117
0.17477615
1.1856658
0.42909843
4.2145658
0.0
0.0
0.5232134
0.8611178
0.5473475
9.668804
0.0
0.0
0.0
1.2275162
0.11931715
0.81662554
7.3777976
2.9693196
0.9019022
0.008146512
4.1113725
0.033348072
0.0
0.0
0.3559986
1.3748224
0.0
0.0
0.0
2.7317843
0.0
0.0
0.018101461
1.3718704
0.7418805
0.0
0.027242493
0.18374397
1.2276628
0.0
0.81994987
0.0
3.9709504
3.3970482
0.042328767
0.59295696
5.5604715
0.019194406
1.8815714
3.277108
0.0
0.0
0.022138033
1.0747434
0.34330478
2.337103
3.178997
0.0
0.29412532
1.9158108
1.1601114
4.113593
0.0
1.4894586
0.23633663
4.05862
0.86015594
0.0
0.21405447
0.55149287
5.446502
5.607805
0.045205206
0.0
0.0
0.0
0.0
0.0
0.0
3.9507987
4.72692
0.0
0.40941122
0.08616367
0.0
0.0015236845
0.37524223
0.027328316
0.3095259
0.8349702
0.0
0.036996953
0.18157195
3.4320433
0.33707342
0.0
2.2305512
1.3065963
0.0
0.0
0.15854621
8.946068
1.1665047
0.0
0.002932636
3.3284187
0.0
0.0
6.266778
0.04377333
1.5457826
0.0
8.256743
1.8954132
0.011883789
0.26326722
0.0
0.6077373
0.16858985
0.80283743
3.469914
3.0693905
0.0
0.18913713
0.0
0.0
0.0
5.57676
1.623116
3.4883304
0.00849065
0.015374347
0.059803817
13.688131
2.3325672
0.48678854
2.5923002
0.0
0.0012800694
0.0
0.0
0.0
0.0
1.0031487
0.0
7.2291346
3.1907284
0.06506862
0.0
0.18311673
0.0
0.009298539
0.0
9.269872
4.733754
0.0
0.017436378
2.8222759
1.0426786
4.2636433
0.9228205
3.360038
7.880182
0.0
3.4075854
0.0
0.02736948
0.0
0.034311306
18.753584
2.8857405
5.226068
0.12616447
0.025846427
0.0
1.6975898
0.04985016
0.23888697
2.4678612
0.0
0.0
9.214633
0.078312136
3.833732
4.7787833
0.027296154
1.9870919
0.033390798
0.0
0.0
0.20009536
1.4823484
0.0
0.07051345
0.011898477
2.3766797
0.0
0.04168998
0.26437458
1.2879395
0.0
0.028829662
0.0866446
0.51021916
0.046826
1.3866141
0.4766317
0.0
0.0
2.7140005
0.0
3.8749092
0.0
0.48855108
2.7527833
0.4402039
0.0
0.0
0.49422383
1.0219064
0.13986142
0.43883142
0.0
0.30263352
0.0
0.0036621336
0.06372275
0.0
1.6031988
1.9198973
0.39641505
0.0
0.0
0.029623212
0.0
0.15165061
0.0
0.0
3.8193057
1.3036666
1.9578571
0.0
1.8302813
1.3208866
0.7591955
0.0
0.1163731
9.204218
0.7034342
0.7184393
0.0
0.0
0.0
0.87875247
0.008595467
0.006543865
0.0
8.820028e-05
0.011442638
0.8259109
0.0
0.3872993
1.6025758
0.047132306
0.016374208
2.2135546
0.36309946
0.31743002
0.0
0.0
0.70241773
0.002706742
4.3807125
3.8021698
0.0
0.18295518
0.0
0.82906425
0.7349022
0.0
0.0
11.447189
0.016707303
1.4730026
0.18762428
0.0
0.0
0.0
0.006943065
0.7493776
6.357967
0.08580494
0.0
2.8509922
0.0
2.6722004
0.0
0.009990434
0.0
0.0
0.010623737
1.9200354
0.40959647
0.33407712
0.0
1.0345457
0.0
0.6370792
2.870703
3.5185406
0.9619138
0.17402609
1.6224155
0.06990598
1.2830801
0.0
0.0
0.6894213
2.7914355
0.0
0.0
1.6236405
0.5436861
1.0164204
12.413299
5.171373
0.034055036
2.009061
0.0
0.99760973
0.42963368
0.0032632838
0.030749876
2.555848
0.0
3.108006
0.09191927
4.6075244
0.0
4.239026
0.17523688
0.0
0.0
0.287314
0.84433806
0.0049895947
2.8109252
5.8551774
2.7653255
0.0
0.0
0.7284787
0.0
0.0
0.049148016
0.0
5.6102824
0.24177037
0.063888915
0.0
0.11704911
0.33196083
0.017753324
6.0602436
0.0
3.8947632
0.01142221
0.0016747396
0.0
0.06172544
0.8069659
2.352007
0.0
2.1363502
0.08717501
0.0
0.24495247
0.0027597875
0.6393178
0.0071823644
4.272251
0.0
0.0
0.0
0.0
2.942334
0.0
0.01519109
0.0
0.76480323
0.0
2.8548937
0.47291827
0.41524133
